muhl_attention  offset 8,804,902,099  len 6,816  n_gate 272
ALL 54,528 BITS. NOTHING TRUNCATED. 128 bits (16 bytes) per line.

         0 01001101010101010100100001001100010000010101010001010100001100010001000000000001000000000000000000011001000000000000000000000000
        16 00000011100000100010001111010000000011000000001000000000000000000000000010100010001000111101000000001100000000100000000000000000
        32 00000000110000100010001111010000000011000000001000000000000000000000000000000100110000100010001111010000000011000000001000000000
        48 00000000000000001100001000100011110100000000110000000010000000000000000000000000110000110010001111010000000011000000001000000000
        64 00000000000000000000001110000011001000111101000000001100000000100000000000000000000000001010001100100011110100000000110000000010
        80 00000000000000000000000011000100001000111101000000001100000000100000000000000000000000000000010011000100001000111101000000001100
        96 00000010000000000000000000000000110001000010001111010000000011000000001000000000000000000000000011000101001000111101000000001100
       112 00000010000000000000000000000000000000111000010000100011110100000000110000000010000000000000000000000000101001000010001111010000
       128 00001100000000100000000000000000000000001100011000100011110100000000110000000010000000000000000000000000000001001100011000100011
       144 11010000000011000000001000000000000000000000000011000110001000111101000000001100000000100000000000000000000000001100011100100011
       160 11010000000011000000001000000000000000000000000000000011100001010010001111010000000011000000001000000000000000000000000010100101
       176 00100011110100000000110000000010000000000000000000000000110010000010001111010000000011000000001000000000000000000000000000000100
       192 11001000001000111101000000001100000000100000000000000000000000001100100000100011110100000000110000000010000000000000000000000000
       208 11001001001000111101000000001100000000100000000000000000000000000000001110000110001000111101000000001100000000100000000000000000
       224 00000000101001100010001111010000000011000000001000000000000000000000000011001010001000111101000000001100000000100000000000000000
       240 00000000000001001100101000100011110100000000110000000010000000000000000000000000110010100010001111010000000011000000001000000000
       256 00000000000000001100101100100011110100000000110000000010000000000000000000000000000000111000011100100011110100000000110000000010
       272 00000000000000000000000010100111001000111101000000001100000000100000000000000000000000001100110000100011110100000000110000000010
       288 00000000000000000000000000000100110011000010001111010000000011000000001000000000000000000000000011001100001000111101000000001100
       304 00000010000000000000000000000000110011010010001111010000000011000000001000000000000000000000000000000011100010000010001111010000
       320 00001100000000100000000000000000000000001010100000100011110100000000110000000010000000000000000000000000110011100010001111010000
       336 00001100000000100000000000000000000000000000010011001110001000111101000000001100000000100000000000000000000000001100111000100011
       352 11010000000011000000001000000000000000000000000011001111001000111101000000001100000000100000000000000000000000000000001110001001
       368 00100011110100000000110000000010000000000000000000000000101010010010001111010000000011000000001000000000000000000000000011010000
       384 00100011110100000000110000000010000000000000000000000000000001001101000000100011110100000000110000000010000000000000000000000000
       400 11010000001000111101000000001100000000100000000000000000000000001101000100100011110100000000110000000010000000000000000000000000
       416 00000011100010100010001111010000000011000000001000000000000000000000000010101010001000111101000000001100000000100000000000000000
       432 00000000110100100010001111010000000011000000001000000000000000000000000000000100110100100010001111010000000011000000001000000000
       448 00000000000000001101001000100011110100000000110000000010000000000000000000000000110100110010001111010000000011000000001000000000
       464 00000000000000000000001110001011001000111101000000001100000000100000000000000000000000001010101100100011110100000000110000000010
       480 00000000000000000000000011010100001000111101000000001100000000100000000000000000000000000000010011010100001000111101000000001100
       496 00000010000000000000000000000000110101000010001111010000000011000000001000000000000000000000000011010101001000111101000000001100
       512 00000010000000000000000000000000000000111000110000100011110100000000110000000010000000000000000000000000101011000010001111010000
       528 00001100000000100000000000000000000000001101011000100011110100000000110000000010000000000000000000000000000001001101011000100011
       544 11010000000011000000001000000000000000000000000011010110001000111101000000001100000000100000000000000000000000001101011100100011
       560 11010000000011000000001000000000000000000000000000000011100011010010001111010000000011000000001000000000000000000000000010101101
       576 00100011110100000000110000000010000000000000000000000000110110000010001111010000000011000000001000000000000000000000000000000100
       592 11011000001000111101000000001100000000100000000000000000000000001101100000100011110100000000110000000010000000000000000000000000
       608 11011001001000111101000000001100000000100000000000000000000000000000001110001110001000111101000000001100000000100000000000000000
       624 00000000101011100010001111010000000011000000001000000000000000000000000011011010001000111101000000001100000000100000000000000000
       640 00000000000001001101101000100011110100000000110000000010000000000000000000000000110110100010001111010000000011000000001000000000
       656 00000000000000001101101100100011110100000000110000000010000000000000000000000000000000111000111100100011110100000000110000000010
       672 00000000000000000000000010101111001000111101000000001100000000100000000000000000000000001101110000100011110100000000110000000010
       688 00000000000000000000000000000100110111000010001111010000000011000000001000000000000000000000000011011100001000111101000000001100
       704 00000010000000000000000000000000110111010010001111010000000011000000001000000000000000000000000000000011100100000010001111010000
       720 00001100000000100000000000000000000000001011000000100011110100000000110000000010000000000000000000000000110111100010001111010000
       736 00001100000000100000000000000000000000000000010011011110001000111101000000001100000000100000000000000000000000001101111000100011
       752 11010000000011000000001000000000000000000000000011011111001000111101000000001100000000100000000000000000000000000000001110010001
       768 00100011110100000000110000000010000000000000000000000000101100010010001111010000000011000000001000000000000000000000000011100000
       784 00100011110100000000110000000010000000000000000000000000000001001110000000100011110100000000110000000010000000000000000000000000
       800 11100000001000111101000000001100000000100000000000000000000000001110000100100011110100000000110000000010000000000000000000000000
       816 00000011100100100010001111010000000011000000001000000000000000000000000010110010001000111101000000001100000000100000000000000000
       832 00000000111000100010001111010000000011000000001000000000000000000000000000000100111000100010001111010000000011000000001000000000
       848 00000000000000001110001000100011110100000000110000000010000000000000000000000000111000110010001111010000000011000000001000000000
       864 00000000000000000000001110010011001000111101000000001100000000100000000000000000000000001011001100100011110100000000110000000010
       880 00000000000000000000000011100100001000111101000000001100000000100000000000000000000000000000010011100100001000111101000000001100
       896 00000010000000000000000000000000111001000010001111010000000011000000001000000000000000000000000011100101001000111101000000001100
       912 00000010000000000000000000000000000000111001010000100011110100000000110000000010000000000000000000000000101101000010001111010000
       928 00001100000000100000000000000000000000001110011000100011110100000000110000000010000000000000000000000000000001001110011000100011
       944 11010000000011000000001000000000000000000000000011100110001000111101000000001100000000100000000000000000000000001110011100100011
       960 11010000000011000000001000000000000000000000000000000011100101010010001111010000000011000000001000000000000000000000000010110101
       976 00100011110100000000110000000010000000000000000000000000111010000010001111010000000011000000001000000000000000000000000000000100
       992 11101000001000111101000000001100000000100000000000000000000000001110100000100011110100000000110000000010000000000000000000000000
      1008 11101001001000111101000000001100000000100000000000000000000000000000001110010110001000111101000000001100000000100000000000000000
      1024 00000000101101100010001111010000000011000000001000000000000000000000000011101010001000111101000000001100000000100000000000000000
      1040 00000000000001001110101000100011110100000000110000000010000000000000000000000000111010100010001111010000000011000000001000000000
      1056 00000000000000001110101100100011110100000000110000000010000000000000000000000000000000111001011100100011110100000000110000000010
      1072 00000000000000000000000010110111001000111101000000001100000000100000000000000000000000001110110000100011110100000000110000000010
      1088 00000000000000000000000000000100111011000010001111010000000011000000001000000000000000000000000011101100001000111101000000001100
      1104 00000010000000000000000000000000111011010010001111010000000011000000001000000000000000000000000000000011100110000010001111010000
      1120 00001100000000100000000000000000000000001011100000100011110100000000110000000010000000000000000000000000111011100010001111010000
      1136 00001100000000100000000000000000000000000000010011101110001000111101000000001100000000100000000000000000000000001110111000100011
      1152 11010000000011000000001000000000000000000000000011101111001000111101000000001100000000100000000000000000000000000000001110011001
      1168 00100011110100000000110000000010000000000000000000000000101110010010001111010000000011000000001000000000000000000000000011110000
      1184 00100011110100000000110000000010000000000000000000000000000001001111000000100011110100000000110000000010000000000000000000000000
      1200 11110000001000111101000000001100000000100000000000000000000000001111000100100011110100000000110000000010000000000000000000000000
      1216 00000011100110100010001111010000000011000000001000000000000000000000000010111010001000111101000000001100000000100000000000000000
      1232 00000000111100100010001111010000000011000000001000000000000000000000000000000100111100100010001111010000000011000000001000000000
      1248 00000000000000001111001000100011110100000000110000000010000000000000000000000000111100110010001111010000000011000000001000000000
      1264 00000000000000000000001110011011001000111101000000001100000000100000000000000000000000001011101100100011110100000000110000000010
      1280 00000000000000000000000011110100001000111101000000001100000000100000000000000000000000000000010011110100001000111101000000001100
      1296 00000010000000000000000000000000111101000010001111010000000011000000001000000000000000000000000011110101001000111101000000001100
      1312 00000010000000000000000000000000000000111001110000100011110100000000110000000010000000000000000000000000101111000010001111010000
      1328 00001100000000100000000000000000000000001111011000100011110100000000110000000010000000000000000000000000000001001111011000100011
      1344 11010000000011000000001000000000000000000000000011110110001000111101000000001100000000100000000000000000000000001111011100100011
      1360 11010000000011000000001000000000000000000000000000000011100111010010001111010000000011000000001000000000000000000000000010111101
      1376 00100011110100000000110000000010000000000000000000000000111110000010001111010000000011000000001000000000000000000000000000000100
      1392 11111000001000111101000000001100000000100000000000000000000000001111100000100011110100000000110000000010000000000000000000000000
      1408 11111001001000111101000000001100000000100000000000000000000000000000001110011110001000111101000000001100000000100000000000000000
      1424 00000000101111100010001111010000000011000000001000000000000000000000000011111010001000111101000000001100000000100000000000000000
      1440 00000000000001001111101000100011110100000000110000000010000000000000000000000000111110100010001111010000000011000000001000000000
      1456 00000000000000001111101100100011110100000000110000000010000000000000000000000000000000111001111100100011110100000000110000000010
      1472 00000000000000000000000010111111001000111101000000001100000000100000000000000000000000001111110000100011110100000000110000000010
      1488 00000000000000000000000000000100111111000010001111010000000011000000001000000000000000000000000011111100001000111101000000001100
      1504 00000010000000000000000000000000111111010010001111010000000011000000001000000000000000000000000000000011101000000010001111010000
      1520 00001100000000100000000000000000000000001100000000100011110100000000110000000010000000000000000000000000111111100010001111010000
      1536 00001100000000100000000000000000000000000000010011111110001000111101000000001100000000100000000000000000000000001111111000100011
      1552 11010000000011000000001000000000000000000000000011111111001000111101000000001100000000100000000000000000000000000000001110100001
      1568 00100011110100000000110000000010000000000000000000000000110000010010001111010000000011000000001000000000000000000000000000000000
      1584 00100100110100000000110000000010000000000000000000000000000001000000000000100100110100000000110000000010000000000000000000000000
      1600 00000000001001001101000000001100000000100000000000000000000000000000000100100100110100000000110000000010000000000000000000000000
      1616 00000011110000110010001111010000000011000000001000000000000000000000000011000101001000111101000000001100000000100000000000000000
      1632 00000000000000100010010011010000000011000000001000000000000000000000000000000001110000110010001111010000000011000000001000000000
      1648 00000000000000001100010100100011110100000000110000000010000000000000000000000000000000110010010011010000000011000000001000000000
      1664 00000000000000000000001111000111001000111101000000001100000000100000000000000000000000001100100100100011110100000000110000000010
      1680 00000000000000000000000000000100001001001101000000001100000000100000000000000000000000000000001111001011001000111101000000001100
      1696 00000010000000000000000000000000000001000010010011010000000011000000001000000000000000000000000000000101001001001101000000001100
      1712 00000010000000000000000000000000000000011100011100100011110100000000110000000010000000000000000000000000110010010010001111010000
      1728 00001100000000100000000000000000000000000000011000100100110100000000110000000010000000000000000000000000000000011100011100100011
      1744 11010000000011000000001000000000000000000000000011001011001000111101000000001100000000100000000000000000000000000000011100100100
      1760 11010000000011000000001000000000000000000000000000000010000001100010010011010000000011000000001000000000000000000000000000000111
      1776 00100100110100000000110000000010000000000000000000000000000010000010010011010000000011000000001000000000000000000000000000000001
      1792 11001001001000111101000000001100000000100000000000000000000000001100101100100011110100000000110000000010000000000000000000000000
      1808 00001001001001001101000000001100000000100000000000000000000000000000001000001000001001001101000000001100000000100000000000000000
      1824 00000000000010010010010011010000000011000000001000000000000000000000000000001010001001001101000000001100000000100000000000000000
      1840 00000000000000111100110100100011110100000000110000000010000000000000000000000000110011110010001111010000000011000000001000000000
      1856 00000000000000000000101100100100110100000000110000000010000000000000000000000000000000111101000100100011110100000000110000000010
      1872 00000000000000000000000000001011001001001101000000001100000000100000000000000000000000000000110000100100110100000000110000000010
      1888 00000000000000000000000000000001110011010010001111010000000011000000001000000000000000000000000011001111001000111101000000001100
      1904 00000010000000000000000000000000000011010010010011010000000011000000001000000000000000000000000000000001110011010010001111010000
      1920 00001100000000100000000000000000000000001101000100100011110100000000110000000010000000000000000000000000000011100010010011010000
      1936 00001100000000100000000000000000000000000000001000001101001001001101000000001100000000100000000000000000000000000000111000100100
      1952 11010000000011000000001000000000000000000000000000001111001001001101000000001100000000100000000000000000000000000000000111001111
      1968 00100011110100000000110000000010000000000000000000000000110100010010001111010000000011000000001000000000000000000000000000010000
      1984 00100100110100000000110000000010000000000000000000000000000000100000111100100100110100000000110000000010000000000000000000000000
      2000 00010000001001001101000000001100000000100000000000000000000000000001000100100100110100000000110000000010000000000000000000000000
      2016 00000011110100110010001111010000000011000000001000000000000000000000000011010101001000111101000000001100000000100000000000000000
      2032 00000000000100100010010011010000000011000000001000000000000000000000000000000011110101110010001111010000000011000000001000000000
      2048 00000000000000000001001000100100110100000000110000000010000000000000000000000000000100110010010011010000000011000000001000000000
      2064 00000000000000000000000111010011001000111101000000001100000000100000000000000000000000001101010100100011110100000000110000000010
      2080 00000000000000000000000000010100001001001101000000001100000000100000000000000000000000000000000111010011001000111101000000001100
      2096 00000010000000000000000000000000110101110010001111010000000011000000001000000000000000000000000000010101001001001101000000001100
      2112 00000010000000000000000000000000000000100001010000100100110100000000110000000010000000000000000000000000000101010010010011010000
      2128 00001100000000100000000000000000000000000001011000100100110100000000110000000010000000000000000000000000000000011101010100100011
      2144 11010000000011000000001000000000000000000000000011010111001000111101000000001100000000100000000000000000000000000001011100100100
      2160 11010000000011000000001000000000000000000000000000000010000101100010010011010000000011000000001000000000000000000000000000010111
      2176 00100100110100000000110000000010000000000000000000000000000110000010010011010000000011000000001000000000000000000000000000000011
      2192 11011001001000111101000000001100000000100000000000000000000000001101101100100011110100000000110000000010000000000000000000000000
      2208 00011001001001001101000000001100000000100000000000000000000000000000001111011101001000111101000000001100000000100000000000000000
      2224 00000000000110010010010011010000000011000000001000000000000000000000000000011010001001001101000000001100000000100000000000000000
      2240 00000000000000011101100100100011110100000000110000000010000000000000000000000000110110110010001111010000000011000000001000000000
      2256 00000000000000000001101100100100110100000000110000000010000000000000000000000000000000011101100100100011110100000000110000000010
      2272 00000000000000000000000011011101001000111101000000001100000000100000000000000000000000000001110000100100110100000000110000000010
      2288 00000000000000000000000000000010000110110010010011010000000011000000001000000000000000000000000000011100001001001101000000001100
      2304 00000010000000000000000000000000000111010010010011010000000011000000001000000000000000000000000000000001110110110010001111010000
      2320 00001100000000100000000000000000000000001101110100100011110100000000110000000010000000000000000000000000000111100010010011010000
      2336 00001100000000100000000000000000000000000000001000011101001001001101000000001100000000100000000000000000000000000001111000100100
      2352 11010000000011000000001000000000000000000000000000011111001001001101000000001100000000100000000000000000000000000000001111011111
      2368 00100011110100000000110000000010000000000000000000000000111000010010001111010000000011000000001000000000000000000000000000100000
      2384 00100100110100000000110000000010000000000000000000000000000000111110001100100011110100000000110000000010000000000000000000000000
      2400 00100000001001001101000000001100000000100000000000000000000000000010000100100100110100000000110000000010000000000000000000000000
      2416 00000001110111110010001111010000000011000000001000000000000000000000000011100001001000111101000000001100000000100000000000000000
      2432 00000000001000100010010011010000000011000000001000000000000000000000000000000001110111110010001111010000000011000000001000000000
      2448 00000000000000001110001100100011110100000000110000000010000000000000000000000000001000110010010011010000000011000000001000000000
      2464 00000000000000000000001000100010001001001101000000001100000000100000000000000000000000000010001100100100110100000000110000000010
      2480 00000000000000000000000000100100001001001101000000001100000000100000000000000000000000000000000111100001001000111101000000001100
      2496 00000010000000000000000000000000111000110010001111010000000011000000001000000000000000000000000000100101001001001101000000001100
      2512 00000010000000000000000000000000000000100010010000100100110100000000110000000010000000000000000000000000001001010010010011010000
      2528 00001100000000100000000000000000000000000010011000100100110100000000110000000010000000000000000000000000000000111110010100100011
      2544 11010000000011000000001000000000000000000000000011100111001000111101000000001100000000100000000000000000000000000010011100100100
      2560 11010000000011000000001000000000000000000000000000000011111010010010001111010000000011000000001000000000000000000000000000100111
      2576 00100100110100000000110000000010000000000000000000000000001010000010010011010000000011000000001000000000000000000000000000000001
      2592 11100101001000111101000000001100000000100000000000000000000000001110011100100011110100000000110000000010000000000000000000000000
      2608 00101001001001001101000000001100000000100000000000000000000000000000000111100101001000111101000000001100000000100000000000000000
      2624 00000000111010010010001111010000000011000000001000000000000000000000000000101010001001001101000000001100000000100000000000000000
      2640 00000000000000100010100100100100110100000000110000000010000000000000000000000000001010100010010011010000000011000000001000000000
      2656 00000000000000000010101100100100110100000000110000000010000000000000000000000000000000011110011100100011110100000000110000000010
      2672 00000000000000000000000011101001001000111101000000001100000000100000000000000000000000000010110000100100110100000000110000000010
      2688 00000000000000000000000000000010001010110010010011010000000011000000001000000000000000000000000000101100001001001101000000001100
      2704 00000010000000000000000000000000001011010010010011010000000011000000001000000000000000000000000000000011111010110010001111010000
      2720 00001100000000100000000000000000000000001110110100100011110100000000110000000010000000000000000000000000001011100010010011010000
      2736 00001100000000100000000000000000000000000000001111101111001000111101000000001100000000100000000000000000000000000010111000100100
      2752 11010000000011000000001000000000000000000000000000101111001001001101000000001100000000100000000000000000000000000000000111101011
      2768 00100011110100000000110000000010000000000000000000000000111011010010001111010000000011000000001000000000000000000000000000110000
      2784 00100100110100000000110000000010000000000000000000000000000000011110101100100011110100000000110000000010000000000000000000000000
      2800 11101111001000111101000000001100000000100000000000000000000000000011000100100100110100000000110000000010000000000000000000000000
      2816 00000010001100000010010011010000000011000000001000000000000000000000000000110001001001001101000000001100000000100000000000000000
      2832 00000000001100100010010011010000000011000000001000000000000000000000000000000001111011010010001111010000000011000000001000000000
      2848 00000000000000001110111100100011110100000000110000000010000000000000000000000000001100110010010011010000000011000000001000000000
      2864 00000000000000000000001000110010001001001101000000001100000000100000000000000000000000000011001100100100110100000000110000000010
      2880 00000000000000000000000000110100001001001101000000001100000000100000000000000000000000000000001111110001001000111101000000001100
      2896 00000010000000000000000000000000111100110010001111010000000011000000001000000000000000000000000000110101001001001101000000001100
      2912 00000010000000000000000000000000000000111111010100100011110100000000110000000010000000000000000000000000001101010010010011010000
      2928 00001100000000100000000000000000000000000011011000100100110100000000110000000010000000000000000000000000000000011111000100100011
      2944 11010000000011000000001000000000000000000000000011110011001000111101000000001100000000100000000000000000000000000011011100100100
      2960 11010000000011000000001000000000000000000000000000000001111100010010001111010000000011000000001000000000000000000000000011110101
      2976 00100011110100000000110000000010000000000000000000000000001110000010010011010000000011000000001000000000000000000000000000000010
      2992 00110111001001001101000000001100000000100000000000000000000000000011100000100100110100000000110000000010000000000000000000000000
      3008 00111001001001001101000000001100000000100000000000000000000000000000000111110011001000111101000000001100000000100000000000000000
      3024 00000000111101010010001111010000000011000000001000000000000000000000000000111010001001001101000000001100000000100000000000000000
      3040 00000000000000100011100100100100110100000000110000000010000000000000000000000000001110100010010011010000000011000000001000000000
      3056 00000000000000000011101100100100110100000000110000000010000000000000000000000000000000111111011100100011110100000000110000000010
      3072 00000000000000000000000011111001001000111101000000001100000000100000000000000000000000000011110000100100110100000000110000000010
      3088 00000000000000000000000000000011111110110010001111010000000011000000001000000000000000000000000000111100001001001101000000001100
      3104 00000010000000000000000000000000001111010010010011010000000011000000001000000000000000000000000000000001111101110010001111010000
      3120 00001100000000100000000000000000000000001111100100100011110100000000110000000010000000000000000000000000001111100010010011010000
      3136 00001100000000100000000000000000000000000000000111110111001000111101000000001100000000100000000000000000000000001111101100100011
      3152 11010000000011000000001000000000000000000000000000111111001001001101000000001100000000100000000000000000000000000000001000111110
      3168 00100100110100000000110000000010000000000000000000000000001111110010010011010000000011000000001000000000000000000000000001000000
      3184 00100100110100000000110000000010000000000000000000000000000000011111100100100011110100000000110000000010000000000000000000000000
      3200 11111011001000111101000000001100000000100000000000000000000000000100000100100100110100000000110000000010000000000000000000000000
      3216 00000010010000000010010011010000000011000000001000000000000000000000000001000001001001001101000000001100000000100000000000000000
      3232 00000000010000100010010011010000000011000000001000000000000000000000000000000011111111010010001111010000000011000000001000000000
      3248 00000000000000001111111100100011110100000000110000000010000000000000000000000000010000110010010011010000000011000000001000000000
      3264 00000000000000000000001100000001001001001101000000001100000000100000000000000000000000000100001100100100110100000000110000000010
      3280 00000000000000000000000001000100001001001101000000001100000000100000000000000000000000000000000111111101001000111101000000001100
      3296 00000010000000000000000000000000111111110010001111010000000011000000001000000000000000000000000001000101001001001101000000001100
      3312 00000010000000000000000000000000000000011111110100100011110100000000110000000010000000000000000000000000000000010010010011010000
      3328 00001100000000100000000000000000000000000100011000100100110100000000110000000010000000000000000000000000000000100100010100100100
      3344 11010000000011000000001000000000000000000000000001000110001001001101000000001100000000100000000000000000000000000100011100100100
      3360 11010000000011000000001000000000000000000000000000000001111111110010001111010000000011000000001000000000000000000000000000000001
      3376 00100100110100000000110000000010000000000000000000000000010010000010010011010000000011000000001000000000000000000000000000000010
      3392 01000111001001001101000000001100000000100000000000000000000000000100100000100100110100000000110000000010000000000000000000000000
      3408 01001001001001001101000000001100000000100000000000000000000000000000001100000010001001001101000000001100000000100000000000000000
      3424 00000000000001010010010011010000000011000000001000000000000000000000000001001010001001001101000000001100000000100000000000000000
      3440 00000000000000010000001000100100110100000000110000000010000000000000000000000000000001010010010011010000000011000000001000000000
      3456 00000000000000000100101100100100110100000000110000000010000000000000000000000000000000110000110000100100110100000000110000000010
      3472 00000000000000000000000000010011001001001101000000001100000000100000000000000000000000000100110000100100110100000000110000000010
      3488 00000000000000000000000000000011000110100010010011010000000011000000001000000000000000000000000001001100001001001101000000001100
      3504 00000010000000000000000000000000010011010010010011010000000011000000001000000000000000000000000000000001000011000010010011010000
      3520 00001100000000100000000000000000000000000001001100100100110100000000110000000010000000000000000000000000010011100010010011010000
      3536 00001100000000100000000000000000000000000000000100001100001001001101000000001100000000100000000000000000000000000001101000100100
      3552 11010000000011000000001000000000000000000000000001001111001001001101000000001100000000100000000000000000000000000000001001001110
      3568 00100100110100000000110000000010000000000000000000000000010011110010010011010000000011000000001000000000000000000000000001010000
      3584 00100100110100000000110000000010000000000000000000000000000000010001001100100100110100000000110000000010000000000000000000000000
      3600 00011010001001001101000000001100000000100000000000000000000000000101000100100100110100000000110000000010000000000000000000000000
      3616 00000010010100000010010011010000000011000000001000000000000000000000000001010001001001001101000000001100000000100000000000000000
      3632 00000000010100100010010011010000000011000000001000000000000000000000000000000011001000010010010011010000000011000000001000000000
      3648 00000000000000000010100000100100110100000000110000000010000000000000000000000000010100110010010011010000000011000000001000000000
      3664 00000000000000000000001100101111001001001101000000001100000000100000000000000000000000000101001100100100110100000000110000000010
      3680 00000000000000000000000001010100001001001101000000001100000000100000000000000000000000000000000100100001001001001101000000001100
      3696 00000010000000000000000000000000001010000010010011010000000011000000001000000000000000000000000001010101001001001101000000001100
      3712 00000010000000000000000000000000000000010010000100100100110100000000110000000010000000000000000000000000001011110010010011010000
      3728 00001100000000100000000000000000000000000101011000100100110100000000110000000010000000000000000000000000000000100101010100100100
      3744 11010000000011000000001000000000000000000000000001010110001001001101000000001100000000100000000000000000000000000101011100100100
      3760 11010000000011000000001000000000000000000000000000000001001010000010010011010000000011000000001000000000000000000000000000101111
      3776 00100100110100000000110000000010000000000000000000000000010110000010010011010000000011000000001000000000000000000000000000000010
      3792 01010111001001001101000000001100000000100000000000000000000000000101100000100100110100000000110000000010000000000000000000000000
      3808 01011001001001001101000000001100000000100000000000000000000000000000001100110110001001001101000000001100000000100000000000000000
      3824 00000000001111010010010011010000000011000000001000000000000000000000000001011010001001001101000000001100000000100000000000000000
      3840 00000000000000110100010000100100110100000000110000000010000000000000000000000000010110100010010011010000000011000000001000000000
      3856 00000000000000000101101100100100110100000000110000000010000000000000000000000000000000010011011000100100110100000000110000000010
      3872 00000000000000000000000000111101001001001101000000001100000000100000000000000000000000000101110000100100110100000000110000000010
      3888 00000000000000000000000000000001001101100010010011010000000011000000001000000000000000000000000001000100001001001101000000001100
      3904 00000010000000000000000000000000010111010010010011010000000011000000001000000000000000000000000000000010010111000010010011010000
      3920 00001100000000100000000000000000000000000101110100100100110100000000110000000010000000000000000000000000010111100010010011010000
      3936 00001100000000100000000000000000000000000000000100111101001001001101000000001100000000100000000000000000000000000100010000100100
      3952 11010000000011000000001000000000000000000000000001011111001001001101000000001100000000100000000000000000000000000000001001011110
      3968 00100100110100000000110000000010000000000000000000000000010111110010010011010000000011000000001000000000000000000000000001100000
      3984 00100100110100000000110000000010000000000000000000000000000000110000101000100100110100000000110000000010000000000000000000000000
      4000 00010001001001001101000000001100000000100000000000000000000000000110000100100100110100000000110000000010000000000000000000000000
      4016 00000011000110000010010011010000000011000000001000000000000000000000000001100001001001001101000000001100000000100000000000000000
      4032 00000000011000100010010011010000000011000000001000000000000000000000000000000001000010100010010011010000000011000000001000000000
      4048 00000000000000000001000100100100110100000000110000000010000000000000000000000000011000110010010011010000000011000000001000000000
      4064 00000000000000000000000100001010001001001101000000001100000000100000000000000000000000000001100000100100110100000000110000000010
      4080 00000000000000000000000001100100001001001101000000001100000000100000000000000000000000000000001001100011001001001101000000001100
      4096 00000010000000000000000000000000011001000010010011010000000011000000001000000000000000000000000001100101001001001101000000001100
      4112 00000010000000000000000000000000000000010001000100100100110100000000110000000010000000000000000000000000000110000010010011010000
      4128 00001100000000100000000000000000000000000110011000100100110100000000110000000010000000000000000000000000000000100110010100100100
      4144 11010000000011000000001000000000000000000000000001100110001001001101000000001100000000100000000000000000000000000110011100100100
      4160 11010000000011000000001000000000000000000000000000000011000111110010010011010000000011000000001000000000000000000000000000100110
      4176 00100100110100000000110000000010000000000000000000000000011010000010010011010000000011000000001000000000000000000000000000000011
      4192 00101101001001001101000000001100000000100000000000000000000000000110100000100100110100000000110000000010000000000000000000000000
      4208 01101001001001001101000000001100000000100000000000000000000000000000000100011111001001001101000000001100000000100000000000000000
      4224 00000000001001100010010011010000000011000000001000000000000000000000000001101010001001001101000000001100000000100000000000000000
      4240 00000000000000010001111100100100110100000000110000000010000000000000000000000000001011010010010011010000000011000000001000000000
      4256 00000000000000000110101100100100110100000000110000000010000000000000000000000000000000100110101000100100110100000000110000000010
      4272 00000000000000000000000001101011001001001101000000001100000000100000000000000000000000000110110000100100110100000000110000000010
      4288 00000000000000000000000000000001001001100010010011010000000011000000001000000000000000000000000000101101001001001101000000001100
      4304 00000010000000000000000000000000011011010010010011010000000011000000001000000000000000000000000000000010011011000010010011010000
      4320 00001100000000100000000000000000000000000110110100100100110100000000110000000010000000000000000000000000011011100010010011010000
      4336 00001100000000100000000000000000000000000000001100110100001001001101000000001100000000100000000000000000000000000011101100100100
      4352 11010000000011000000001000000000000000000000000001101111001001001101000000001100000000100000000000000000000000000000001101000010
      4368 00100100110100000000110000000010000000000000000000000000011011110010010011010000000011000000001000000000000000000000000001110000
      4384 00100100110100000000110000000010000000000000000000000000000000010011010000100100110100000000110000000010000000000000000000000000
      4400 00111011001001001101000000001100000000100000000000000000000000000111000100100100110100000000110000000010000000000000000000000000
      4416 00000001001101000010010011010000000011000000001000000000000000000000000001000010001001001101000000001100000000100000000000000000
      4432 00000000011100100010010011010000000011000000001000000000000000000000000000000010011100010010010011010000000011000000001000000000
      4448 00000000000000000111001000100100110100000000110000000010000000000000000000000000011100110010010011010000000011000000001000000000
      4464 00000000000000000000000100111011001001001101000000001100000000100000000000000000000000000100001000100100110100000000110000000010
      4480 00000000000000000000000001110100001001001101000000001100000000100000000000000000000000000000001001110011001001001101000000001100
      4496 00000010000000000000000000000000011101000010010011010000000011000000001000000000000000000000000001110101001001001101000000001100
      4512 00000010000000000000000000000000000000110000001100100100110100000000110000000010000000000000000000000000010010010010010011010000
      4528 00001100000000100000000000000000000000000111011000100100110100000000110000000010000000000000000000000000000000110100101100100100
      4544 11010000000011000000001000000000000000000000000001110110001001001101000000001100000000100000000000000000000000000111011100100100
      4560 11010000000011000000001000000000000000000000000000000001000000110010010011010000000011000000001000000000000000000000000001001001
      4576 00100100110100000000110000000010000000000000000000000000011110000010010011010000000011000000001000000000000000000000000000000001
      4592 01001001001001001101000000001100000000100000000000000000000000000100101100100100110100000000110000000010000000000000000000000000
      4608 01111001001001001101000000001100000000100000000000000000000000000000001001111000001001001101000000001100000000100000000000000000
      4624 00000000011110010010010011010000000011000000001000000000000000000000000001111010001001001101000000001100000000100000000000000000
      4640 00000000000000010000001100100100110100000000110000000010000000000000000000000000010010110010010011010000000011000000001000000000
      4656 00000000000000000111101100100100110100000000110000000010000000000000000000000000000000100111101000100100110100000000110000000010
      4672 00000000000000000000000001111011001001001101000000001100000000100000000000000000000000000111110000100100110100000000110000000010
      4688 00000000000000000000000000000011010011010010010011010000000011000000001000000000000000000000000001010100001001001101000000001100
      4704 00000010000000000000000000000000011111010010010011010000000011000000001000000000000000000000000000000011010110110010010011010000
      4720 00001100000000100000000000000000000000000111110100100100110100000000110000000010000000000000000000000000011111100010010011010000
      4736 00001100000000100000000000000000000000000000000101001101001001001101000000001100000000100000000000000000000000000101010000100100
      4752 11010000000011000000001000000000000000000000000001111111001001001101000000001100000000100000000000000000000000000000000101001101
      4768 00100100110100000000110000000010000000000000000000000000010110110010010011010000000011000000001000000000000000000000000010000000
      4784 00100100110100000000110000000010000000000000000000000000000000100111111100100100110100000000110000000010000000000000000000000000
      4800 10000000001001001101000000001100000000100000000000000000000000001000000100100100110100000000110000000010000000000000000000000000
      4816 00000001010101000010010011010000000011000000001000000000000000000000000001011011001001001101000000001100000000100000000000000000
      4832 00000000100000100010010011010000000011000000001000000000000000000000000000000010100000010010010011010000000011000000001000000000
      4848 00000000000000001000001000100100110100000000110000000010000000000000000000000000100000110010010011010000000011000000001000000000
      4864 00000000000000000000001101010010001001001101000000001100000000100000000000000000000000000101100100100100110100000000110000000010
      4880 00000000000000000000000010000100001001001101000000001100000000100000000000000000000000000000001101100000001001001101000000001100
      4896 00000010000000000000000000000000100001000010010011010000000011000000001000000000000000000000000010000101001001001101000000001100
      4912 00000010000000000000000000000000000000010101001000100100110100000000110000000010000000000000000000000000010110010010010011010000
      4928 00001100000000100000000000000000000000001000011000100100110100000000110000000010000000000000000000000000000000010101001000100100
      4944 11010000000011000000001000000000000000000000000001100000001001001101000000001100000000100000000000000000000000001000011100100100
      4960 11010000000011000000001000000000000000000000000000000010100001100010010011010000000011000000001000000000000000000000000010000111
      4976 00100100110100000000110000000010000000000000000000000000100010000010010011010000000011000000001000000000000000000000000000000001
      4992 01011001001001001101000000001100000000100000000000000000000000000110000000100100110100000000110000000010000000000000000000000000
      5008 10001001001001001101000000001100000000100000000000000000000000000000001010001000001001001101000000001100000000100000000000000000
      5024 00000000100010010010010011010000000011000000001000000000000000000000000010001010001001001101000000001100000000100000000000000000
      5040 00000000000000110110001000100100110100000000110000000010000000000000000000000000011010010010010011010000000011000000001000000000
      5056 00000000000000001000101100100100110100000000110000000010000000000000000000000000000000110111000000100100110100000000110000000010
      5072 00000000000000000000000010001011001001001101000000001100000000100000000000000000000000001000110000100100110100000000110000000010
      5088 00000000000000000000000000000001011000100010010011010000000011000000001000000000000000000000000001101001001001001101000000001100
      5104 00000010000000000000000000000000100011010010010011010000000011000000001000000000000000000000000000000001011000100010010011010000
      5120 00001100000000100000000000000000000000000111000000100100110100000000110000000010000000000000000000000000100011100010010011010000
      5136 00001100000000100000000000000000000000000000001010001101001001001101000000001100000000100000000000000000000000001000111000100100
      5152 11010000000011000000001000000000000000000000000010001111001001001101000000001100000000100000000000000000000000000000000101101001
      5168 00100100110100000000110000000010000000000000000000000000011100000010010011010000000011000000001000000000000000000000000010010000
      5184 00100100110100000000110000000010000000000000000000000000000000101000111100100100110100000000110000000010000000000000000000000000
      5200 10010000001001001101000000001100000000100000000000000000000000001001000100100100110100000000110000000010000000000000000000000000
      5216 00000011011001110010010011010000000011000000001000000000000000000000000001101110001001001101000000001100000000100000000000000000
      5232 00000000100100100010010011010000000011000000001000000000000000000000000000000001011001110010010011010000000011000000001000000000
      5248 00000000000000000110111000100100110100000000110000000010000000000000000000000000100100110010010011010000000011000000001000000000
      5264 00000000000000000000001101110101001001001101000000001100000000100000000000000000000000000111110000100100110100000000110000000010
      5280 00000000000000000000000010010100001001001101000000001100000000100000000000000000000000000000000101110101001001001101000000001100
      5296 00000010000000000000000000000000011111000010010011010000000011000000001000000000000000000000000010010101001001001101000000001100
      5312 00000010000000000000000000000000000000111000001100100100110100000000110000000010000000000000000000000000100001010010010011010000
      5328 00001100000000100000000000000000000000001001011000100100110100000000110000000010000000000000000000000000000000111000110000100100
      5344 11010000000011000000001000000000000000000000000010010110001001001101000000001100000000100000000000000000000000001001011100100100
      5360 11010000000011000000001000000000000000000000000000000001100000110010010011010000000011000000001000000000000000000000000010000101
      5376 00100100110100000000110000000010000000000000000000000000100110000010010011010000000011000000001000000000000000000000000000000001
      5392 10000011001001001101000000001100000000100000000000000000000000001000110000100100110100000000110000000010000000000000000000000000
      5408 10011001001001001101000000001100000000100000000000000000000000000000001010011000001001001101000000001100000000100000000000000000
      5424 00000000100110010010010011010000000011000000001000000000000000000000000010011010001001001101000000001100000000100000000000000000
      5440 00000000000000011000010100100100110100000000110000000010000000000000000000000000100011000010010011010000000011000000001000000000
      5456 00000000000000001001101100100100110100000000110000000010000000000000000000000000000000101001101000100100110100000000110000000010
      5472 00000000000000000000000010011011001001001101000000001100000000100000000000000000000000001001110000100100110100000000110000000010
      5488 00000000000000000000000000000011010010100010010011010000000011000000001000000000000000000000000001111110001001001101000000001100
      5504 00000010000000000000000000000000100111010010010011010000000011000000001000000000000000000000000000000011100100100010010011010000
      5520 00001100000000100000000000000000000000001001010000100100110100000000110000000010000000000000000000000000100111100010010011010000
      5536 00001100000000100000000000000000000000000000000101001010001001001101000000001100000000100000000000000000000000000111111000100100
      5552 11010000000011000000001000000000000000000000000010011111001001001101000000001100000000100000000000000000000000000000000110010010
      5568 00100100110100000000110000000010000000000000000000000000100101000010010011010000000011000000001000000000000000000000000010100000
      5584 00100100110100000000110000000010000000000000000000000000000000111000101000100100110100000000110000000010000000000000000000000000
      5600 10010001001001001101000000001100000000100000000000000000000000001010000100100100110100000000110000000010000000000000000000000000
      5616 00000001100010100010010011010000000011000000001000000000000000000000000010010001001001001101000000001100000000100000000000000000
      5632 00000000101000100010010011010000000011000000001000000000000000000000000000000011011101110010010011010000000011000000001000000000
      5648 00000000000000001001111100100100110100000000110000000010000000000000000000000000101000110010010011010000000011000000001000000000
      5664 00000000000000000000001110010111001001001101000000001100000000100000000000000000000000001010001100100100110100000000110000000010
      5680 00000000000000000000000010100100001001001101000000001100000000100000000000000000000000000000001110010011001001001101000000001100
      5696 00000010000000000000000000000000101000000010010011010000000011000000001000000000000000000000000010100101001001001101000000001100
      5712 00000010000000000000000000000000000000010111011100100100110100000000110000000010000000000000000000000000100111110010010011010000
      5728 00001100000000100000000000000000000000001010011000100100110100000000110000000010000000000000000000000000000000010111011100100100
      5744 11010000000011000000001000000000000000000000000010010111001001001101000000001100000000100000000000000000000000001010011100100100
      5760 11010000000011000000001000000000000000000000000000000010101001100010010011010000000011000000001000000000000000000000000010100111
      5776 00100100110100000000110000000010000000000000000000000000101010000010010011010000000011000000001000000000000000000000000000000001
      5792 10010111001001001101000000001100000000100000000000000000000000001001111100100100110100000000110000000010000000000000000000000000
      5808 10101001001001001101000000001100000000100000000000000000000000000000001010101000001001001101000000001100000000100000000000000000
      5824 00000000101010010010010011010000000011000000001000000000000000000000000010101010001001001101000000001100000000100000000000000000
      5840 00000000000000011001001100100100110100000000110000000010000000000000000000000000101000000010010011010000000011000000001000000000
      5856 00000000000000001010101100100100110100000000110000000010000000000000000000000000000000111001110000100100110100000000110000000010
      5872 00000000000000000000000010100001001001001101000000001100000000100000000000000000000000001010110000100100110100000000110000000010
      5888 00000000000000000000000000000011100101010010010011010000000011000000001000000000000000000000000010100010001001001101000000001100
      5904 00000010000000000000000000000000101011010010010011010000000011000000001000000000000000000000000000000001100111000010010011010000
      5920 00001100000000100000000000000000000000001010000100100100110100000000110000000010000000000000000000000000101011100010010011010000
      5936 00001100000000100000000000000000000000000000000110010101001001001101000000001100000000100000000000000000000000001010001000100100
      5952 11010000000011000000001000000000000000000000000010101111001001001101000000001100000000100000000000000000000000000000001110011110
      5968 00100100110100000000110000000010000000000000000000000000101011000010010011010000000011000000001000000000000000000000000010110000
      5984 00100100110100000000110000000010000000000000000000000000000000111010010100100100110100000000110000000010000000000000000000000000
      6000 10101101001001001101000000001100000000100000000000000000000000001011000100100100110100000000110000000010000000000000000000000000
      6016 00000011101011100010010011010000000011000000001000000000000000000000000010110001001001001101000000001100000000100000000000000000
      6032 00000000101100100010010011010000000011000000001000000000000000000000000000000001100111100010010011010000000011000000001000000000
      6048 00000000000000001010110000100100110100000000110000000010000000000000000000000000101100110010010011010000000011000000001000000000
      6064 00000000000000000000000110100101001001001101000000001100000000100000000000000000000000001010110100100100110100000000110000000010
      6080 00000000000000000000000010110100001001001101000000001100000000100000000000000000000000000000000110100101001001001101000000001100
      6096 00000010000000000000000000000000101011100010010011010000000011000000001000000000000000000000000010110101001001001101000000001100
      6112 00000010000000000000000000000000000000101011010000100100110100000000110000000010000000000000000000000000101101010010010011010000
      6128 00001100000000100000000000000000000000001011011000100100110100000000110000000010000000000000000000000000000000011010110100100100
      6144 11010000000011000000001000000000000000000000000010101110001001001101000000001100000000100000000000000000000000001011011100100100
      6160 11010000000011000000001000000000000000000000000000000010101101100010010011010000000011000000001000000000000000000000000010110111
      6176 00100100110100000000110000000010000000000000000000000000101110000010010011010000000011000000001000000000000000000000000000000011
      6192 10101010001001001101000000001100000000100000000000000000000000001011000000100100110100000000110000000010000000000000000000000000
      6208 10111001001001001101000000001100000000100000000000000000000000000000001110110010001001001101000000001100000000100000000000000000
      6224 00000000101100110010010011010000000011000000001000000000000000000000000010111010001001001101000000001100000000100000000000000000
      6240 00000000000000111010101100100100110100000000110000000010000000000000000000000000101011110010010011010000000011000000001000000000
      6256 00000000000000001011101100100100110100000000110000000010000000000000000000000000000000111011100000100100110100000000110000000010
      6272 00000000000000000000000010111011001001001101000000001100000000100000000000000000000000001011110000100100110100000000110000000010
      6288 00000000000000000000000000000001101010100010010011010000000011000000001000000000000000000000000010110000001001001101000000001100
      6304 00000010000000000000000000000000101111010010010011010000000011000000001000000000000000000000000000000001101100100010010011010000
      6320 00001100000000100000000000000000000000001011001100100100110100000000110000000010000000000000000000000000101111100010010011010000
      6336 00001100000000100000000000000000000000000000000110101011001001001101000000001100000000100000000000000000000000001010111100100100
      6352 11010000000011000000001000000000000000000000000010111111001001001101000000001100000000100000000000000000000000000000000110101011
      6368 00100100110100000000110000000010000000000000000000000000101110000010010011010000000011000000001000000000000000000000000011000000
      6384 00100100110100000000110000000010000000000000000000000000000000101011111100100100110100000000110000000010000000000000000000000000
      6400 11000000001001001101000000001100000000100000000000000000000000001100000100100100110100000000110000000010000000000000000000000000
      6416 00000001101011110010010011010000000011000000001000000000000000000000000010111000001001001101000000001100000000100000000000000000
      6432 00000000110000100010010011010000000011000000001000000000000000000000000000000010110000010010010011010000000011000000001000000000
      6448 00000000000000001100001000100100110100000000110000000010000000000000000000000000110000110010010011010000000011000000001000000000
      6464 00000000000000000000001110111010001001001101000000001100000000100000000000000000000000001011110100100100110100000000110000000010
      6480 00000000000000000000000011000100001001001101000000001100000000100000000000000000000000000000000110111010001001001101000000001100
      6496 00000010000000000000000000000000101111010010010011010000000011000000001000000000000000000000000011000101001001001101000000001100
      6512 00000010000000000000000000000000000000111011110000100100110100000000110000000010000000000000000000000000101111100010010011010000
      6528 00001100000000100000000000000000000000001100011000100100110100000000110000000010000000000000000000000000000000111100010100100100
      6544 11010000000011000000001000000000000000000000000011000110001001001101000000001100000000100000000000000000000000001100011100100100
      6560 11010000000011000000001000000000000000000000000000000001101111000010010011010000000011000000001000000000000000000000000010111110
      6576 00100100110100000000110000000010000000000000000000000000110010000010010011010000000011000000001000000000000000000000000000000001
      6592 11000101001001001101000000001100000000100000000000000000000000001100011000100100110100000000110000000010000000000000000000000000
      6608 11001001001001001101000000001100000000100000000000000000000000000000001011001000001001001101000000001100000000100000000000000000
      6624 00000000110010010010010011010000000011000000001000000000000000000000000011001010001001001101000000001100000000100000000000000000
      6640 00000000000000111100001100100100110100000000110000000010000000000000000000000000110010100010010011010000000011000000001000000000
      6656 00000000000000001100101100100100110100000000110000000010000000000000000000000000000000011001110100100100110100000000110000000010
      6672 00000000000000000000000011001100001001001101000000001100000000100000000000000000000000001100110100100100110100000000110000000010
      6688 00000000000000000000000000000001101001000010010011010000000011000000001000000000000000000000000011001100001001001101000000001100
      6704 00000010000000000000000000000000110011100010010011010000000011000000001000000000000000000000000000000001101110010010010011010000
      6720 00001100000000100000000000000000000000001100110000100100110100000000110000000010000000000000000000000000110011110010010011010000
      6736 00001100000000100000000000000000000000000000000111000100001001001101000000001100000000100000000000000000000000001100110000100100
      6752 11010000000011000000001000000000000000000000000011010000001001001101000000001100000000100000000000000000000000000000000111000111
      6768 00100100110100000000110000000010000000000000000000000000110011000010010011010000000011000000001000000000000000000000000011010001
      6784 00100100110100000000110000000010000000000000000000000000000000011100101100100100110100000000110000000010000000000000000000000000
      6800 11001100001001001101000000001100000000100000000000000000000000001101001000100100110100000000110000000010000000000000000000000000

TOTAL BITS: 54,528
