nring2_100  offset 4,381,506,940  len 1,666  n_gate 66
ALL 13,328 BITS. NOTHING TRUNCATED. 128 bits (16 bytes) per line.

         0 01001110010100100100100101001110010001110011001001001101001100010100001000000000000000000000000000011001000000000000000000000000
        16 00000000010110010111110100101000000001010000000100000000000000000000000001111010011111010010100000000101000000010000000000000000
        32 00000000001110100111110100101000000001010000000100000000000000000000000000000000001110100111110100101000000001010000000100000000
        48 00000000000000000111101001111101001010000000010100000001000000000000000000000000001110110111110100101000000001010000000100000000
        64 00000000000000000000000000111011011111010010100000000101000000010000000000000000000000000111101001111101001010000000010100000001
        80 00000000000000000000000000111100011111010010100000000101000000010000000000000000000000000000000000111100011111010010100000000101
        96 00000001000000000000000000000000011110100111110100101000000001010000000100000000000000000000000000111101011111010010100000000101
       112 00000001000000000000000000000000000000000011110101111101001010000000010100000001000000000000000000000000011110100111110100101000
       128 00000101000000010000000000000000000000000011111001111101001010000000010100000001000000000000000000000000000000000011111001111101
       144 00101000000001010000000100000000000000000000000001111010011111010010100000000101000000010000000000000000000000000011111101111101
       160 00101000000001010000000100000000000000000000000000000000001111110111110100101000000001010000000100000000000000000000000001111010
       176 01111101001010000000010100000001000000000000000000000000010000000111110100101000000001010000000100000000000000000000000000000000
       192 01000000011111010010100000000101000000010000000000000000000000000111101001111101001010000000010100000001000000000000000000000000
       208 01000001011111010010100000000101000000010000000000000000000000000000000001000001011111010010100000000101000000010000000000000000
       224 00000000011110100111110100101000000001010000000100000000000000000000000001000010011111010010100000000101000000010000000000000000
       240 00000000000000000100001001111101001010000000010100000001000000000000000000000000011110100111110100101000000001010000000100000000
       256 00000000000000000100001101111101001010000000010100000001000000000000000000000000000000000100001101111101001010000000010100000001
       272 00000000000000000000000001111010011111010010100000000101000000010000000000000000000000000100010001111101001010000000010100000001
       288 00000000000000000000000000000000010001000111110100101000000001010000000100000000000000000000000001111010011111010010100000000101
       304 00000001000000000000000000000000010001010111110100101000000001010000000100000000000000000000000000000000010001010111110100101000
       320 00000101000000010000000000000000000000000111101001111101001010000000010100000001000000000000000000000000010001100111110100101000
       336 00000101000000010000000000000000000000000000000001000110011111010010100000000101000000010000000000000000000000000111101001111101
       352 00101000000001010000000100000000000000000000000001000111011111010010100000000101000000010000000000000000000000000000000001000111
       368 01111101001010000000010100000001000000000000000000000000011110100111110100101000000001010000000100000000000000000000000001001000
       384 01111101001010000000010100000001000000000000000000000000000000000100100001111101001010000000010100000001000000000000000000000000
       400 01111010011111010010100000000101000000010000000000000000000000000100100101111101001010000000010100000001000000000000000000000000
       416 00000000010010010111110100101000000001010000000100000000000000000000000001111010011111010010100000000101000000010000000000000000
       432 00000000010010100111110100101000000001010000000100000000000000000000000000000000010010100111110100101000000001010000000100000000
       448 00000000000000000111101001111101001010000000010100000001000000000000000000000000010010110111110100101000000001010000000100000000
       464 00000000000000000000000001001011011111010010100000000101000000010000000000000000000000000111101001111101001010000000010100000001
       480 00000000000000000000000001001100011111010010100000000101000000010000000000000000000000000000000001001100011111010010100000000101
       496 00000001000000000000000000000000011110100111110100101000000001010000000100000000000000000000000001001101011111010010100000000101
       512 00000001000000000000000000000000000000000100110101111101001010000000010100000001000000000000000000000000011110100111110100101000
       528 00000101000000010000000000000000000000000100111001111101001010000000010100000001000000000000000000000000000000000100111001111101
       544 00101000000001010000000100000000000000000000000001111010011111010010100000000101000000010000000000000000000000000100111101111101
       560 00101000000001010000000100000000000000000000000000000000010011110111110100101000000001010000000100000000000000000000000001111010
       576 01111101001010000000010100000001000000000000000000000000010100000111110100101000000001010000000100000000000000000000000000000000
       592 01010000011111010010100000000101000000010000000000000000000000000111101001111101001010000000010100000001000000000000000000000000
       608 01010001011111010010100000000101000000010000000000000000000000000000000001010001011111010010100000000101000000010000000000000000
       624 00000000011110100111110100101000000001010000000100000000000000000000000001010010011111010010100000000101000000010000000000000000
       640 00000000000000000101001001111101001010000000010100000001000000000000000000000000011110100111110100101000000001010000000100000000
       656 00000000000000000101001101111101001010000000010100000001000000000000000000000000000000000101001101111101001010000000010100000001
       672 00000000000000000000000001111010011111010010100000000101000000010000000000000000000000000101010001111101001010000000010100000001
       688 00000000000000000000000000000000010101000111110100101000000001010000000100000000000000000000000001111010011111010010100000000101
       704 00000001000000000000000000000000010101010111110100101000000001010000000100000000000000000000000000000000010101010111110100101000
       720 00000101000000010000000000000000000000000111101001111101001010000000010100000001000000000000000000000000010101100111110100101000
       736 00000101000000010000000000000000000000000000000001010110011111010010100000000101000000010000000000000000000000000111101001111101
       752 00101000000001010000000100000000000000000000000001010111011111010010100000000101000000010000000000000000000000000000000001010111
       768 01111101001010000000010100000001000000000000000000000000011110100111110100101000000001010000000100000000000000000000000001011000
       784 01111101001010000000010100000001000000000000000000000000000000000101100001111101001010000000010100000001000000000000000000000000
       800 01111010011111010010100000000101000000010000000000000000000000000101100101111101001010000000010100000001000000000000000000000000
       816 00000000010110110111110100101000000001010000000100000000000000000000000001111010011111010010100000000101000000010000000000000000
       832 00000000010110100111110100101000000001010000000100000000000000000000000000000000010111000111110100101000000001010000000100000000
       848 00000000000000000111101001111101001010000000010100000001000000000000000000000000010110110111110100101000000001010000000100000000
       864 00000000000000000000000001011101011111010010100000000101000000010000000000000000000000000111101001111101001010000000010100000001
       880 00000000000000000000000001011100011111010010100000000101000000010000000000000000000000000000000001011110011111010010100000000101
       896 00000001000000000000000000000000011110100111110100101000000001010000000100000000000000000000000001011101011111010010100000000101
       912 00000001000000000000000000000000000000000101111101111101001010000000010100000001000000000000000000000000011110100111110100101000
       928 00000101000000010000000000000000000000000101111001111101001010000000010100000001000000000000000000000000000000000110000001111101
       944 00101000000001010000000100000000000000000000000001111010011111010010100000000101000000010000000000000000000000000101111101111101
       960 00101000000001010000000100000000000000000000000000000000011000010111110100101000000001010000000100000000000000000000000001111010
       976 01111101001010000000010100000001000000000000000000000000011000000111110100101000000001010000000100000000000000000000000000000000
       992 01100010011111010010100000000101000000010000000000000000000000000111101001111101001010000000010100000001000000000000000000000000
      1008 01100001011111010010100000000101000000010000000000000000000000000000000001100011011111010010100000000101000000010000000000000000
      1024 00000000011110100111110100101000000001010000000100000000000000000000000001100010011111010010100000000101000000010000000000000000
      1040 00000000000000000110010001111101001010000000010100000001000000000000000000000000011110100111110100101000000001010000000100000000
      1056 00000000000000000110001101111101001010000000010100000001000000000000000000000000000000000110010101111101001010000000010100000001
      1072 00000000000000000000000001111010011111010010100000000101000000010000000000000000000000000110010001111101001010000000010100000001
      1088 00000000000000000000000000000000011001100111110100101000000001010000000100000000000000000000000001111010011111010010100000000101
      1104 00000001000000000000000000000000011001010111110100101000000001010000000100000000000000000000000000000000011001110111110100101000
      1120 00000101000000010000000000000000000000000111101001111101001010000000010100000001000000000000000000000000011001100111110100101000
      1136 00000101000000010000000000000000000000000000000001101000011111010010100000000101000000010000000000000000000000000111101001111101
      1152 00101000000001010000000100000000000000000000000001100111011111010010100000000101000000010000000000000000000000000000000001101001
      1168 01111101001010000000010100000001000000000000000000000000011110100111110100101000000001010000000100000000000000000000000001101000
      1184 01111101001010000000010100000001000000000000000000000000000000000110101001111101001010000000010100000001000000000000000000000000
      1200 01111010011111010010100000000101000000010000000000000000000000000110100101111101001010000000010100000001000000000000000000000000
      1216 00000000011010110111110100101000000001010000000100000000000000000000000001111010011111010010100000000101000000010000000000000000
      1232 00000000011010100111110100101000000001010000000100000000000000000000000000000000011011000111110100101000000001010000000100000000
      1248 00000000000000000111101001111101001010000000010100000001000000000000000000000000011010110111110100101000000001010000000100000000
      1264 00000000000000000000000001101101011111010010100000000101000000010000000000000000000000000111101001111101001010000000010100000001
      1280 00000000000000000000000001101100011111010010100000000101000000010000000000000000000000000000000001101110011111010010100000000101
      1296 00000001000000000000000000000000011110100111110100101000000001010000000100000000000000000000000001101101011111010010100000000101
      1312 00000001000000000000000000000000000000000110111101111101001010000000010100000001000000000000000000000000011110100111110100101000
      1328 00000101000000010000000000000000000000000110111001111101001010000000010100000001000000000000000000000000000000000111000001111101
      1344 00101000000001010000000100000000000000000000000001111010011111010010100000000101000000010000000000000000000000000110111101111101
      1360 00101000000001010000000100000000000000000000000000000000011100010111110100101000000001010000000100000000000000000000000001111010
      1376 01111101001010000000010100000001000000000000000000000000011100000111110100101000000001010000000100000000000000000000000000000000
      1392 01110010011111010010100000000101000000010000000000000000000000000111101001111101001010000000010100000001000000000000000000000000
      1408 01110001011111010010100000000101000000010000000000000000000000000000000001110011011111010010100000000101000000010000000000000000
      1424 00000000011110100111110100101000000001010000000100000000000000000000000001110010011111010010100000000101000000010000000000000000
      1440 00000000000000000111010001111101001010000000010100000001000000000000000000000000011110100111110100101000000001010000000100000000
      1456 00000000000000000111001101111101001010000000010100000001000000000000000000000000000000000111010101111101001010000000010100000001
      1472 00000000000000000000000001111010011111010010100000000101000000010000000000000000000000000111010001111101001010000000010100000001
      1488 00000000000000000000000000000000011101100111110100101000000001010000000100000000000000000000000001111010011111010010100000000101
      1504 00000001000000000000000000000000011101010111110100101000000001010000000100000000000000000000000000000000011101110111110100101000
      1520 00000101000000010000000000000000000000000111101001111101001010000000010100000001000000000000000000000000011101100111110100101000
      1536 00000101000000010000000000000000000000000000000001111000011111010010100000000101000000010000000000000000000000000111101001111101
      1552 00101000000001010000000100000000000000000000000001110111011111010010100000000101000000010000000000000000000000000000000001111001
      1568 01111101001010000000010100000001000000000000000000000000011110100111110100101000000001010000000100000000000000000000000001111000
      1584 01111101001010000000010100000001000000000000000000000000000000000101101001111101001010000000010100000001000000000000000000000000
      1600 01111010011111010010100000000101000000010000000000000000000000000111100101111101001010000000010100000001000000000000000000000000
      1616 00000001001110100111110100101000000001010000000100000000000000000000000001011010011111010010100000000101000000010000000000000000
      1632 00000000011110100111110100101000000001010000000100000000000000000000000000000001011110100111110100101000000001010000000100000000
      1648 00000000000000000111101001111101001010000000010100000001000000000000000000000000011110110111110100101000000001010000000100000000
      1664 0000000000000000

TOTAL BITS: 13,328
