nring2_000  offset 4,381,333,777  len 1,666  n_gate 66
ALL 13,328 BITS. NOTHING TRUNCATED. 128 bits (16 bytes) per line.

         0 01001110010100100100100101001110010001110011001001001101001100010100001000000000000000000000000000011001000000000000000000000000
        16 00000000111011111101100000100101000001010000000100000000000000000000000000010000110110010010010100000101000000010000000000000000
        32 00000000110100001101100000100101000001010000000100000000000000000000000000000000110100001101100000100101000001010000000100000000
        48 00000000000000000001000011011001001001010000010100000001000000000000000000000000110100011101100000100101000001010000000100000000
        64 00000000000000000000000011010001110110000010010100000101000000010000000000000000000000000001000011011001001001010000010100000001
        80 00000000000000000000000011010010110110000010010100000101000000010000000000000000000000000000000011010010110110000010010100000101
        96 00000001000000000000000000000000000100001101100100100101000001010000000100000000000000000000000011010011110110000010010100000101
       112 00000001000000000000000000000000000000001101001111011000001001010000010100000001000000000000000000000000000100001101100100100101
       128 00000101000000010000000000000000000000001101010011011000001001010000010100000001000000000000000000000000000000001101010011011000
       144 00100101000001010000000100000000000000000000000000010000110110010010010100000101000000010000000000000000000000001101010111011000
       160 00100101000001010000000100000000000000000000000000000000110101011101100000100101000001010000000100000000000000000000000000010000
       176 11011001001001010000010100000001000000000000000000000000110101101101100000100101000001010000000100000000000000000000000000000000
       192 11010110110110000010010100000101000000010000000000000000000000000001000011011001001001010000010100000001000000000000000000000000
       208 11010111110110000010010100000101000000010000000000000000000000000000000011010111110110000010010100000101000000010000000000000000
       224 00000000000100001101100100100101000001010000000100000000000000000000000011011000110110000010010100000101000000010000000000000000
       240 00000000000000001101100011011000001001010000010100000001000000000000000000000000000100001101100100100101000001010000000100000000
       256 00000000000000001101100111011000001001010000010100000001000000000000000000000000000000001101100111011000001001010000010100000001
       272 00000000000000000000000000010000110110010010010100000101000000010000000000000000000000001101101011011000001001010000010100000001
       288 00000000000000000000000000000000110110101101100000100101000001010000000100000000000000000000000000010000110110010010010100000101
       304 00000001000000000000000000000000110110111101100000100101000001010000000100000000000000000000000000000000110110111101100000100101
       320 00000101000000010000000000000000000000000001000011011001001001010000010100000001000000000000000000000000110111001101100000100101
       336 00000101000000010000000000000000000000000000000011011100110110000010010100000101000000010000000000000000000000000001000011011001
       352 00100101000001010000000100000000000000000000000011011101110110000010010100000101000000010000000000000000000000000000000011011101
       368 11011000001001010000010100000001000000000000000000000000000100001101100100100101000001010000000100000000000000000000000011011110
       384 11011000001001010000010100000001000000000000000000000000000000001101111011011000001001010000010100000001000000000000000000000000
       400 00010000110110010010010100000101000000010000000000000000000000001101111111011000001001010000010100000001000000000000000000000000
       416 00000000110111111101100000100101000001010000000100000000000000000000000000010000110110010010010100000101000000010000000000000000
       432 00000000111000001101100000100101000001010000000100000000000000000000000000000000111000001101100000100101000001010000000100000000
       448 00000000000000000001000011011001001001010000010100000001000000000000000000000000111000011101100000100101000001010000000100000000
       464 00000000000000000000000011100001110110000010010100000101000000010000000000000000000000000001000011011001001001010000010100000001
       480 00000000000000000000000011100010110110000010010100000101000000010000000000000000000000000000000011100010110110000010010100000101
       496 00000001000000000000000000000000000100001101100100100101000001010000000100000000000000000000000011100011110110000010010100000101
       512 00000001000000000000000000000000000000001110001111011000001001010000010100000001000000000000000000000000000100001101100100100101
       528 00000101000000010000000000000000000000001110010011011000001001010000010100000001000000000000000000000000000000001110010011011000
       544 00100101000001010000000100000000000000000000000000010000110110010010010100000101000000010000000000000000000000001110010111011000
       560 00100101000001010000000100000000000000000000000000000000111001011101100000100101000001010000000100000000000000000000000000010000
       576 11011001001001010000010100000001000000000000000000000000111001101101100000100101000001010000000100000000000000000000000000000000
       592 11100110110110000010010100000101000000010000000000000000000000000001000011011001001001010000010100000001000000000000000000000000
       608 11100111110110000010010100000101000000010000000000000000000000000000000011100111110110000010010100000101000000010000000000000000
       624 00000000000100001101100100100101000001010000000100000000000000000000000011101000110110000010010100000101000000010000000000000000
       640 00000000000000001110100011011000001001010000010100000001000000000000000000000000000100001101100100100101000001010000000100000000
       656 00000000000000001110100111011000001001010000010100000001000000000000000000000000000000001110100111011000001001010000010100000001
       672 00000000000000000000000000010000110110010010010100000101000000010000000000000000000000001110101011011000001001010000010100000001
       688 00000000000000000000000000000000111010101101100000100101000001010000000100000000000000000000000000010000110110010010010100000101
       704 00000001000000000000000000000000111010111101100000100101000001010000000100000000000000000000000000000000111010111101100000100101
       720 00000101000000010000000000000000000000000001000011011001001001010000010100000001000000000000000000000000111011001101100000100101
       736 00000101000000010000000000000000000000000000000011101100110110000010010100000101000000010000000000000000000000000001000011011001
       752 00100101000001010000000100000000000000000000000011101101110110000010010100000101000000010000000000000000000000000000000011101101
       768 11011000001001010000010100000001000000000000000000000000000100001101100100100101000001010000000100000000000000000000000011101110
       784 11011000001001010000010100000001000000000000000000000000000000001110111011011000001001010000010100000001000000000000000000000000
       800 00010000110110010010010100000101000000010000000000000000000000001110111111011000001001010000010100000001000000000000000000000000
       816 00000000111100011101100000100101000001010000000100000000000000000000000000010000110110010010010100000101000000010000000000000000
       832 00000000111100001101100000100101000001010000000100000000000000000000000000000000111100101101100000100101000001010000000100000000
       848 00000000000000000001000011011001001001010000010100000001000000000000000000000000111100011101100000100101000001010000000100000000
       864 00000000000000000000000011110011110110000010010100000101000000010000000000000000000000000001000011011001001001010000010100000001
       880 00000000000000000000000011110010110110000010010100000101000000010000000000000000000000000000000011110100110110000010010100000101
       896 00000001000000000000000000000000000100001101100100100101000001010000000100000000000000000000000011110011110110000010010100000101
       912 00000001000000000000000000000000000000001111010111011000001001010000010100000001000000000000000000000000000100001101100100100101
       928 00000101000000010000000000000000000000001111010011011000001001010000010100000001000000000000000000000000000000001111011011011000
       944 00100101000001010000000100000000000000000000000000010000110110010010010100000101000000010000000000000000000000001111010111011000
       960 00100101000001010000000100000000000000000000000000000000111101111101100000100101000001010000000100000000000000000000000000010000
       976 11011001001001010000010100000001000000000000000000000000111101101101100000100101000001010000000100000000000000000000000000000000
       992 11111000110110000010010100000101000000010000000000000000000000000001000011011001001001010000010100000001000000000000000000000000
      1008 11110111110110000010010100000101000000010000000000000000000000000000000011111001110110000010010100000101000000010000000000000000
      1024 00000000000100001101100100100101000001010000000100000000000000000000000011111000110110000010010100000101000000010000000000000000
      1040 00000000000000001111101011011000001001010000010100000001000000000000000000000000000100001101100100100101000001010000000100000000
      1056 00000000000000001111100111011000001001010000010100000001000000000000000000000000000000001111101111011000001001010000010100000001
      1072 00000000000000000000000000010000110110010010010100000101000000010000000000000000000000001111101011011000001001010000010100000001
      1088 00000000000000000000000000000000111111001101100000100101000001010000000100000000000000000000000000010000110110010010010100000101
      1104 00000001000000000000000000000000111110111101100000100101000001010000000100000000000000000000000000000000111111011101100000100101
      1120 00000101000000010000000000000000000000000001000011011001001001010000010100000001000000000000000000000000111111001101100000100101
      1136 00000101000000010000000000000000000000000000000011111110110110000010010100000101000000010000000000000000000000000001000011011001
      1152 00100101000001010000000100000000000000000000000011111101110110000010010100000101000000010000000000000000000000000000000011111111
      1168 11011000001001010000010100000001000000000000000000000000000100001101100100100101000001010000000100000000000000000000000011111110
      1184 11011000001001010000010100000001000000000000000000000000000000000000000011011001001001010000010100000001000000000000000000000000
      1200 00010000110110010010010100000101000000010000000000000000000000001111111111011000001001010000010100000001000000000000000000000000
      1216 00000000000000011101100100100101000001010000000100000000000000000000000000010000110110010010010100000101000000010000000000000000
      1232 00000000000000001101100100100101000001010000000100000000000000000000000000000000000000101101100100100101000001010000000100000000
      1248 00000000000000000001000011011001001001010000010100000001000000000000000000000000000000011101100100100101000001010000000100000000
      1264 00000000000000000000000000000011110110010010010100000101000000010000000000000000000000000001000011011001001001010000010100000001
      1280 00000000000000000000000000000010110110010010010100000101000000010000000000000000000000000000000000000100110110010010010100000101
      1296 00000001000000000000000000000000000100001101100100100101000001010000000100000000000000000000000000000011110110010010010100000101
      1312 00000001000000000000000000000000000000000000010111011001001001010000010100000001000000000000000000000000000100001101100100100101
      1328 00000101000000010000000000000000000000000000010011011001001001010000010100000001000000000000000000000000000000000000011011011001
      1344 00100101000001010000000100000000000000000000000000010000110110010010010100000101000000010000000000000000000000000000010111011001
      1360 00100101000001010000000100000000000000000000000000000000000001111101100100100101000001010000000100000000000000000000000000010000
      1376 11011001001001010000010100000001000000000000000000000000000001101101100100100101000001010000000100000000000000000000000000000000
      1392 00001000110110010010010100000101000000010000000000000000000000000001000011011001001001010000010100000001000000000000000000000000
      1408 00000111110110010010010100000101000000010000000000000000000000000000000000001001110110010010010100000101000000010000000000000000
      1424 00000000000100001101100100100101000001010000000100000000000000000000000000001000110110010010010100000101000000010000000000000000
      1440 00000000000000000000101011011001001001010000010100000001000000000000000000000000000100001101100100100101000001010000000100000000
      1456 00000000000000000000100111011001001001010000010100000001000000000000000000000000000000000000101111011001001001010000010100000001
      1472 00000000000000000000000000010000110110010010010100000101000000010000000000000000000000000000101011011001001001010000010100000001
      1488 00000000000000000000000000000000000011001101100100100101000001010000000100000000000000000000000000010000110110010010010100000101
      1504 00000001000000000000000000000000000010111101100100100101000001010000000100000000000000000000000000000000000011011101100100100101
      1520 00000101000000010000000000000000000000000001000011011001001001010000010100000001000000000000000000000000000011001101100100100101
      1536 00000101000000010000000000000000000000000000000000001110110110010010010100000101000000010000000000000000000000000001000011011001
      1552 00100101000001010000000100000000000000000000000000001101110110010010010100000101000000010000000000000000000000000000000000001111
      1568 11011001001001010000010100000001000000000000000000000000000100001101100100100101000001010000000100000000000000000000000000001110
      1584 11011001001001010000010100000001000000000000000000000000000000001111000011011000001001010000010100000001000000000000000000000000
      1600 00010000110110010010010100000101000000010000000000000000000000000000111111011001001001010000010100000001000000000000000000000000
      1616 00000001110100001101100000100101000001010000000100000000000000000000000011110000110110000010010100000101000000010000000000000000
      1632 00000000000100001101100100100101000001010000000100000000000000000000000000000001000100001101100100100101000001010000000100000000
      1648 00000000000000000001000011011001001001010000010100000001000000000000000000000000110010010101000001111101101001010000000000000000
      1664 0000000000000000

TOTAL BITS: 13,328
