DC_USE READ T1
titan not opened
packer not this file
no SHA
magic:
01001101
01010101
01001000
01001100
01000100
01000011
00110000
00110001
header named QWORDs: fwd=272 rev=304 carry=336 pub=337
fold: n_rings=23926940 fact_wire=2006 net=82599950 stride=1716
T1 end address 41058733971
524288 in header named QWORDs? NO
## T1 CTRL_FWD @272 ones=256 bytes=32
11111111
11111111
11111111
11111111
11111111
11111111
11111111
11111111
11111111
11111111
11111111
11111111
11111111
11111111
11111111
11111111
11111111
11111111
11111111
11111111
11111111
11111111
11111111
11111111
11111111
11111111
11111111
11111111
11111111
11111111
11111111
11111111

## T1 CTRL_REV @304 ones=256 bytes=32
11111111
11111111
11111111
11111111
11111111
11111111
11111111
11111111
11111111
11111111
11111111
11111111
11111111
11111111
11111111
11111111
11111111
11111111
11111111
11111111
11111111
11111111
11111111
11111111
11111111
11111111
11111111
11111111
11111111
11111111
11111111
11111111

## T1 CARRY @336 ones=0 bytes=1
00000000

## T1 PUB @337 ones=1 bytes=1
00000001

## T1 CTRL_G0 @356 ones=11 bytes=25
00000000
00101111
00000001
00000000
00000000
00000000
00000000
00000000
00000000
01010000
00000001
00000000
00000000
00000000
00000000
00000000
00000000
00010000
00000001
00000000
00000000
00000000
00000000
00000000
00000000

## T1 CTRL_LAST @1981 ones=13 bytes=25
00000011
01010001
00000001
00000000
00000000
00000000
00000000
00000000
00000000
01010000
00000001
00000000
00000000
00000000
00000000
00000000
00000000
01010001
00000001
00000000
00000000
00000000
00000000
00000000
00000000

## T1 FOLD @224 ones=40 bytes=48
00000000
00000000
00000100
00000000
00000001
00000000
00000000
00000000
00000000
00000000
00000000
00000000
00000010
00000000
00000000
00000000
10011100
00011000
01101101
00000001
00000000
00000000
00000000
00000000
10110100
00000110
00000000
00000000
00000000
00000000
00000000
00000000
11010110
00000111
00000000
00000000
00000000
00000000
00000000
00000000
00001110
01100000
11101100
00000100
00000000
00000000
00000000
00000000

## T1 WIRE97 @97 ones=0 bytes=1
00000000

## T1 FACT_0_FWD @2006 ones=256 bytes=32
11111111
11111111
11111111
11111111
11111111
11111111
11111111
11111111
11111111
11111111
11111111
11111111
11111111
11111111
11111111
11111111
11111111
11111111
11111111
11111111
11111111
11111111
11111111
11111111
11111111
11111111
11111111
11111111
11111111
11111111
11111111
11111111

## T1 FACT_0_CARRY @2070 ones=0 bytes=1
00000000

## T1 FACT_0_PUB @2071 ones=1 bytes=1
00000001

## T1 PLANT_HEAD @2147548550 ones=98 bytes=200
00000011
10001111
00000000
00000000
00000000
00000000
00000000
00000000
00000000
10001101
00000000
00000000
00000000
00000000
00000000
00000000
00000000
11000001
00000000
00000000
00000000
00000000
00000000
00000000
00000000
00000011
11000001
00000000
00000000
00000000
00000000
00000000

## T1 PLANT_187 @2147553225 ones=55 bytes=125
00000010
01001110
00000001
00000000
00000000
00000000
00000000
00000000
00000000
01001111
00000001
00000000
00000000
00000000
00000000
00000000
00000000
01010000
00000001
00000000
00000000
00000000
00000000
00000000
00000000
00000011
01010000
00000001
00000000
00000000
00000000
00000000

## T1 PLANT_LAST @2147651450 ones=23 bytes=25
00000010
11011000
00001101
00000000
00000000
00000000
00000000
00000000
00000000
11011001
00001101
00000000
00000000
00000000
00000000
00000000
00000000
10110111
00000000
10000000
00000000
00000000
00000000
00000000
00000000

## T1 AF_OUT @8388791 ones=0 bytes=1
00000000

## T1 OFF_524288 @524288 ones=1 bytes=32
00000001
00000000
00000000
00000000
00000000
00000000
00000000
00000000
00000000
00000000
00000000
00000000
00000000
00000000
00000000
00000000
00000000
00000000
00000000
00000000
00000000
00000000
00000000
00000000
00000000
00000000
00000000
00000000
00000000
00000000
00000000
00000000

T2 end address 41058733971
NAMED_MOVED none
spans sampled T1=97 T2=97 ones_or_head_moved=0
=== T2 named bits that moved ===
=== factory windows with ones (T1) ===
FACT_0_FWD @2006 ones=256
11111111
11111111
11111111
11111111
11111111
11111111
11111111
11111111
11111111
11111111
11111111
11111111
11111111
11111111
11111111
11111111
11111111
11111111
11111111
11111111
11111111
11111111
11111111
11111111
11111111
11111111
11111111
11111111
11111111
11111111
11111111
11111111
FACT_0_REV @2038 ones=256
11111111
11111111
11111111
11111111
11111111
11111111
11111111
11111111
11111111
11111111
11111111
11111111
11111111
11111111
11111111
11111111
11111111
11111111
11111111
11111111
11111111
11111111
11111111
11111111
11111111
11111111
11111111
11111111
11111111
11111111
11111111
11111111
FACT_0_PUB @2071 ones=1
00000001
FACT_1_FWD @2072 ones=256
11111111
11111111
11111111
11111111
11111111
11111111
11111111
11111111
11111111
11111111
11111111
11111111
11111111
11111111
11111111
11111111
11111111
11111111
11111111
11111111
11111111
11111111
11111111
11111111
11111111
11111111
11111111
11111111
11111111
11111111
11111111
11111111
FACT_1_REV @2104 ones=256
11111111
11111111
11111111
11111111
11111111
11111111
11111111
11111111
11111111
11111111
11111111
11111111
11111111
11111111
11111111
11111111
11111111
11111111
11111111
11111111
11111111
11111111
11111111
11111111
11111111
11111111
11111111
11111111
11111111
11111111
11111111
11111111
FACT_1_PUB @2137 ones=1
00000001
FACT_2_FWD @2138 ones=256
11111111
11111111
11111111
11111111
11111111
11111111
11111111
11111111
11111111
11111111
11111111
11111111
11111111
11111111
11111111
11111111
11111111
11111111
11111111
11111111
11111111
11111111
11111111
11111111
11111111
11111111
11111111
11111111
11111111
11111111
11111111
11111111
FACT_2_REV @2170 ones=256
11111111
11111111
11111111
11111111
11111111
11111111
11111111
11111111
11111111
11111111
11111111
11111111
11111111
11111111
11111111
11111111
11111111
11111111
11111111
11111111
11111111
11111111
11111111
11111111
11111111
11111111
11111111
11111111
11111111
11111111
11111111
11111111
FACT_2_PUB @2203 ones=1
00000001
FACT_7_FWD @2468 ones=256
11111111
11111111
11111111
11111111
11111111
11111111
11111111
11111111
11111111
11111111
11111111
11111111
11111111
11111111
11111111
11111111
11111111
11111111
11111111
11111111
11111111
11111111
11111111
11111111
11111111
11111111
11111111
11111111
11111111
11111111
11111111
11111111
FACT_7_REV @2500 ones=256
11111111
11111111
11111111
11111111
11111111
11111111
11111111
11111111
11111111
11111111
11111111
11111111
11111111
11111111
11111111
11111111
11111111
11111111
11111111
11111111
11111111
11111111
11111111
11111111
11111111
11111111
11111111
11111111
11111111
11111111
11111111
11111111
FACT_7_PUB @2533 ones=1
00000001
FACT_16_FWD @3062 ones=256
11111111
11111111
11111111
11111111
11111111
11111111
11111111
11111111
11111111
11111111
11111111
11111111
11111111
11111111
11111111
11111111
11111111
11111111
11111111
11111111
11111111
11111111
11111111
11111111
11111111
11111111
11111111
11111111
11111111
11111111
11111111
11111111
FACT_16_REV @3094 ones=256
11111111
11111111
11111111
11111111
11111111
11111111
11111111
11111111
11111111
11111111
11111111
11111111
11111111
11111111
11111111
11111111
11111111
11111111
11111111
11111111
11111111
11111111
11111111
11111111
11111111
11111111
11111111
11111111
11111111
11111111
11111111
11111111
FACT_16_PUB @3127 ones=1
00000001
FACT_32_FWD @4118 ones=256
11111111
11111111
11111111
11111111
11111111
11111111
11111111
11111111
11111111
11111111
11111111
11111111
11111111
11111111
11111111
11111111
11111111
11111111
11111111
11111111
11111111
11111111
11111111
11111111
11111111
11111111
11111111
11111111
11111111
11111111
11111111
11111111
FACT_32_REV @4150 ones=256
11111111
11111111
11111111
11111111
11111111
11111111
11111111
11111111
11111111
11111111
11111111
11111111
11111111
11111111
11111111
11111111
11111111
11111111
11111111
11111111
11111111
11111111
11111111
11111111
11111111
11111111
11111111
11111111
11111111
11111111
11111111
11111111
FACT_32_PUB @4183 ones=1
00000001
FACT_23926938_FWD @1579179914 ones=53
00000000
00000000
00000000
01110100
01111000
10010001
00000011
00000000
00000000
00000000
00000000
00000000
01110100
01111000
10010001
00000011
00000000
00000000
00000000
00000000
10101010
01111000
10010001
00000011
00000000
00000000
00000000
00000000
01110101
01111000
10010001
00000011
FACT_23926938_REV @1579179946 ones=50
00000000
00000000
00000000
00000000
00000000
01110101
01111000
10010001
00000011
00000000
00000000
00000000
00000000
10101010
01111000
10010001
00000011
00000000
00000000
00000000
00000000
01110110
01111000
10010001
00000011
00000000
00000000
00000000
00000000
00000000
01110110
01111000
FACT_23926938_CARRY @1579179978 ones=3
10010001
FACT_23926938_PUB @1579179979 ones=2
00000011
FACT_23926939_FWD @1579179980 ones=54
00000000
00000000
00000000
00000000
10101010
01111000
10010001
00000011
00000000
00000000
00000000
00000000
01110111
01111000
10010001
00000011
00000000
00000000
00000000
00000000
00000000
01110111
01111000
10010001
00000011
00000000
00000000
00000000
00000000
10101010
01111000
10010001
FACT_23926939_REV @1579180012 ones=50
00000011
00000000
00000000
00000000
00000000
01111000
01111000
10010001
00000011
00000000
00000000
00000000
00000000
00000000
01111000
01111000
10010001
00000011
00000000
00000000
00000000
00000000
10101010
01111000
10010001
00000011
00000000
00000000
00000000
00000000
01111001
01111000
FACT_23926939_CARRY @1579180044 ones=3
10010001
FACT_23926939_PUB @1579180045 ones=2
00000011
FACT_11963470_FWD @789591026 ones=55
00110000
10001011
10101111
00000001
00000000
00000000
00000000
00000000
01010100
10001011
10101111
00000001
00000000
00000000
00000000
00000000
00110001
10001011
10101111
00000001
00000000
00000000
00000000
00000000
00000000
00110001
10001011
10101111
00000001
00000000
00000000
00000000
FACT_11963470_REV @789591058 ones=56
00000000
01010100
10001011
10101111
00000001
00000000
00000000
00000000
00000000
00110010
10001011
10101111
00000001
00000000
00000000
00000000
00000000
00000000
00110010
10001011
10101111
00000001
00000000
00000000
00000000
00000000
01010100
10001011
10101111
00000001
00000000
00000000
FACT_5981735_FWD @394796516 ones=50
00000000
10001100
10010100
10111110
00000000
00000000
00000000
00000000
00000000
00000000
10001100
10010100
10111110
00000000
00000000
00000000
00000000
00000000
11001010
10010100
10111110
00000000
00000000
00000000
00000000
00000000
10001101
10010100
10111110
00000000
00000000
00000000
FACT_5981735_REV @394796548 ones=52
00000000
00000000
00000000
10001101
10010100
10111110
00000000
00000000
00000000
00000000
00000000
11001010
10010100
10111110
00000000
00000000
00000000
00000000
00000000
10001110
10010100
10111110
00000000
00000000
00000000
00000000
00000000
00000000
10001110
10010100
10111110
00000000
FACT_2990867_FWD @197399228 ones=35
01000110
00000000
00000000
00000000
00000000
00000000
01100100
00011001
01000110
00000000
00000000
00000000
00000000
00000000
00111001
00011001
01000110
00000000
00000000
00000000
00000000
00000000
00000000
00111001
00011001
01000110
00000000
00000000
00000000
00000000
00000000
01100100
FACT_2990867_REV @197399260 ones=35
00011001
01000110
00000000
00000000
00000000
00000000
00000000
00111010
00011001
01000110
00000000
00000000
00000000
00000000
00000000
00000000
00111010
00011001
01000110
00000000
00000000
00000000
00000000
00000000
01100100
00011001
01000110
00000000
00000000
00000000
00000000
00000000
FACT_2990867_CARRY @197399292 ones=5
00111011
FACT_2990867_PUB @197399293 ones=3
00011001
FACT_GATES_HEAD @82599950 ones=101
00000000
11110101
00000111
00000000
00000000
00000000
00000000
00000000
00000000
00010110
00001000
00000000
00000000
00000000
00000000
00000000
00000000
11010110
00000111
00000000
00000000
00000000
00000000
00000000
00000000
00000000
11010110
00000111
00000000
00000000
00000000
00000000
PLANT_WHOLE @2147548550 ones=65299 bytes=102925 T2=SAME
=== T2 still bits (named mouths) ===
## T2 CTRL_FWD @272 ones=256
11111111
11111111
11111111
11111111
11111111
11111111
11111111
11111111
11111111
11111111
11111111
11111111
11111111
11111111
11111111
11111111
11111111
11111111
11111111
11111111
11111111
11111111
11111111
11111111
11111111
11111111
11111111
11111111
11111111
11111111
11111111
11111111
## T2 CTRL_REV @304 ones=256
11111111
11111111
11111111
11111111
11111111
11111111
11111111
11111111
11111111
11111111
11111111
11111111
11111111
11111111
11111111
11111111
11111111
11111111
11111111
11111111
11111111
11111111
11111111
11111111
11111111
11111111
11111111
11111111
11111111
11111111
11111111
11111111
## T2 CARRY @336 ones=0
00000000
## T2 PUB @337 ones=1
00000001
## T2 CTRL_LAST @1981 ones=13
00000011
01010001
00000001
00000000
00000000
00000000
00000000
00000000
00000000
01010000
00000001
00000000
00000000
00000000
00000000
00000000
00000000
01010001
00000001
00000000
00000000
00000000
00000000
00000000
00000000
## T2 FACT_0_CARRY @2070 ones=0
00000000
## T2 FACT_0_PUB @2071 ones=1
00000001
## T2 OFF_524288 @524288 ones=1
00000001
00000000
00000000
00000000
00000000
00000000
00000000
00000000
00000000
00000000
00000000
00000000
00000000
00000000
00000000
00000000
00000000
00000000
00000000
00000000
00000000
00000000
00000000
00000000
00000000
00000000
00000000
00000000
00000000
00000000
00000000
00000000
## T2 AF_OUT @8388791 ones=0
00000000
