FOUNDRY0.mno  2400 B  ALL 19200 BITS. NOTHING TRUNCATED. 128 per line.

       0 00000010000111110000000000000000000000000000000000000000000000000000000000011111000000000000000000000000000000000000000000000000
      16 00000000000000000000000000000000000000000000000000000000000000000000000000000010000000000000000000000000000000000000000000000000
      32 00000000000000000000000000000000000000000000000000000000000000000000000000000000000000010000000000000000000000000000000000000000
      48 00000000000000000000001000000001000000000000000000000000000000000000000000000000000000000000000100000000000000000000000000000000
      64 00000000000000000000000000000010000000000000000000000000000000000000000000000000000000000000001000000010000000000000000000000000
      80 00000000000000000000000000000000000000100000000000000000000000000000000000000000000000000000000000000011000000000000000000000000
      96 00000000000000000000000000000000000000100000001100000000000000000000000000000000000000000000000000000000000000110000000000000000
     112 00000000000000000000000000000000000000000000010000000000000000000000000000000000000000000000000000000000000000100000010000000000
     128 00000000000000000000000000000000000000000000000000000100000000000000000000000000000000000000000000000000000000000000010100000000
     144 00000000000000000000000000000000000000000000000000000010000001010000000000000000000000000000000000000000000000000000000000000101
     160 00000000000000000000000000000000000000000000000000000000000001100000000000000000000000000000000000000000000000000000000000000010
     176 00000110000000000000000000000000000000000000000000000000000000000000011000000000000000000000000000000000000000000000000000000000
     192 00000111000000000000000000000000000000000000000000000000000000000000001000000111000000000000000000000000000000000000000000000000
     208 00000000000001110000000000000000000000000000000000000000000000000000000000001000000000000000000000000000000000000000000000000000
     224 00000000000000100000100000000000000000000000000000000000000000000000000000000000000010000000000000000000000000000000000000000000
     240 00000000000000000000100100000000000000000000000000000000000000000000000000000000000000100000100100000000000000000000000000000000
     256 00000000000000000000000000001001000000000000000000000000000000000000000000000000000000000000101000000000000000000000000000000000
     272 00000000000000000000000000000010000010100000000000000000000000000000000000000000000000000000000000001010000000000000000000000000
     288 00000000000000000000000000000000000010110000000000000000000000000000000000000000000000000000000000000010000010110000000000000000
     304 00000000000000000000000000000000000000000000101100000000000000000000000000000000000000000000000000000000000011000000000000000000
     320 00000000000000000000000000000000000000000000001000001100000000000000000000000000000000000000000000000000000000000000110000000000
     336 00000000000000000000000000000000000000000000000000001101000000000000000000000000000000000000000000000000000000000000001000001101
     352 00000000000000000000000000000000000000000000000000000000000011010000000000000000000000000000000000000000000000000000000000001110
     368 00000000000000000000000000000000000000000000000000000000000000100000111000000000000000000000000000000000000000000000000000000000
     384 00001110000000000000000000000000000000000000000000000000000000000000111100000000000000000000000000000000000000000000000000000000
     400 00000010000011110000000000000000000000000000000000000000000000000000000000001111000000000000000000000000000000000000000000000000
     416 00000000000100000000000000000000000000000000000000000000000000000000000000000010000100000000000000000000000000000000000000000000
     432 00000000000000000001000000000000000000000000000000000000000000000000000000000000000100010000000000000000000000000000000000000000
     448 00000000000000000000001000010001000000000000000000000000000000000000000000000000000000000001000100000000000000000000000000000000
     464 00000000000000000000000000010010000000000000000000000000000000000000000000000000000000000000001000010010000000000000000000000000
     480 00000000000000000000000000000000000100100000000000000000000000000000000000000000000000000000000000010011000000000000000000000000
     496 00000000000000000000000000000000000000100001001100000000000000000000000000000000000000000000000000000000000100110000000000000000
     512 00000000000000000000000000000000000000000001010000000000000000000000000000000000000000000000000000000000000000100001010000000000
     528 00000000000000000000000000000000000000000000000000010100000000000000000000000000000000000000000000000000000000000001010100000000
     544 00000000000000000000000000000000000000000000000000000010000101010000000000000000000000000000000000000000000000000000000000010101
     560 00000000000000000000000000000000000000000000000000000000000101100000000000000000000000000000000000000000000000000000000000000010
     576 00010110000000000000000000000000000000000000000000000000000000000001011000000000000000000000000000000000000000000000000000000000
     592 00010111000000000000000000000000000000000000000000000000000000000000001000010111000000000000000000000000000000000000000000000000
     608 00000000000101110000000000000000000000000000000000000000000000000000000000011000000000000000000000000000000000000000000000000000
     624 00000000000000100001100000000000000000000000000000000000000000000000000000000000000110000000000000000000000000000000000000000000
     640 00000000000000000001100100000000000000000000000000000000000000000000000000000000000000100001100100000000000000000000000000000000
     656 00000000000000000000000000011001000000000000000000000000000000000000000000000000000000000001101000000000000000000000000000000000
     672 00000000000000000000000000000010000110100000000000000000000000000000000000000000000000000000000000011010000000000000000000000000
     688 00000000000000000000000000000000000110110000000000000000000000000000000000000000000000000000000000000010000110110000000000000000
     704 00000000000000000000000000000000000000000001101100000000000000000000000000000000000000000000000000000000000111000000000000000000
     720 00000000000000000000000000000000000000000000001000011100000000000000000000000000000000000000000000000000000000000001110000000000
     736 00000000000000000000000000000000000000000000000000011101000000000000000000000000000000000000000000000000000000000000001000011101
     752 00000000000000000000000000000000000000000000000000000000000111010000000000000000000000000000000000000000000000000000000000011110
     768 00000000000000000000000000000000000000000000000000000000000000100001111000000000000000000000000000000000000000000000000000000000
     784 00011110000000000000000000000000000000000000000000000000000000000001111100000000000000000000000000000000000000000000000000000000
     800 00000001000000000000000000000000000000000000000000000000000000000000000000010000000000000000000000000000000000000000000000000000
     816 00000000010000000000000000000000000000000000000000000000000000000000000000000010010000000000000000000000000000000000000000000000
     832 00000000000000000100000000000000000000000000000000000000000000000000000000000000011000000000000000000000000000000000000000000000
     848 00000000000000000000000100000000000000000000000000000000000000000000000000000000000000000001000000000000000000000000000000000000
     864 00000000000000000000000001000001000000000000000000000000000000000000000000000000000000000000001001000001000000000000000000000000
     880 00000000000000000000000000000000010000010000000000000000000000000000000000000000000000000000000001100001000000000000000000000000
     896 00000000000000000000000000000000000000010000000000000000000000000000000000000000000000000000000000000000000100000000000000000000
     912 00000000000000000000000000000000000000000100001000000000000000000000000000000000000000000000000000000000000000100100001000000000
     928 00000000000000000000000000000000000000000000000001000010000000000000000000000000000000000000000000000000000000000110001000000000
     944 00000000000000000000000000000000000000000000000000000001000000000000000000000000000000000000000000000000000000000000000000010000
     960 00000000000000000000000000000000000000000000000000000000010000110000000000000000000000000000000000000000000000000000000000000010
     976 01000011000000000000000000000000000000000000000000000000000000000100001100000000000000000000000000000000000000000000000000000000
     992 01100011000000000000000000000000000000000000000000000000000000000000000100000001000000000000000000000000000000000000000000000000
    1008 00000000000100010000000000000000000000000000000000000000000000000000000001000100000000000000000000000000000000000000000000000000
    1024 00000000000000100100010000000000000000000000000000000000000000000000000000000000010001000000000000000000000000000000000000000000
    1040 00000000000000000110010000000000000000000000000000000000000000000000000000000000000000010000000100000000000000000000000000000000
    1056 00000000000000000000000000010001000000000000000000000000000000000000000000000000000000000100010100000000000000000000000000000000
    1072 00000000000000000000000000000010010001010000000000000000000000000000000000000000000000000000000001000101000000000000000000000000
    1088 00000000000000000000000000000000011001010000000000000000000000000000000000000000000000000000000000000001000000010000000000000000
    1104 00000000000000000000000000000000000000000001000100000000000000000000000000000000000000000000000000000000010001100000000000000000
    1120 00000000000000000000000000000000000000000000001001000110000000000000000000000000000000000000000000000000000000000100011000000000
    1136 00000000000000000000000000000000000000000000000001100110000000000000000000000000000000000000000000000000000000000000000100000001
    1152 00000000000000000000000000000000000000000000000000000000000100010000000000000000000000000000000000000000000000000000000001000111
    1168 00000000000000000000000000000000000000000000000000000000000000100100011100000000000000000000000000000000000000000000000000000000
    1184 01000111000000000000000000000000000000000000000000000000000000000110011100000000000000000000000000000000000000000000000000000000
    1200 00000001000000100000000000000000000000000000000000000000000000000000000000010010000000000000000000000000000000000000000000000000
    1216 00000000010010000000000000000000000000000000000000000000000000000000000000000010010010000000000000000000000000000000000000000000
    1232 00000000000000000100100000000000000000000000000000000000000000000000000000000000011010000000000000000000000000000000000000000000
    1248 00000000000000000000000100000010000000000000000000000000000000000000000000000000000000000001001000000000000000000000000000000000
    1264 00000000000000000000000001001001000000000000000000000000000000000000000000000000000000000000001001001001000000000000000000000000
    1280 00000000000000000000000000000000010010010000000000000000000000000000000000000000000000000000000001101001000000000000000000000000
    1296 00000000000000000000000000000000000000010000001000000000000000000000000000000000000000000000000000000000000100100000000000000000
    1312 00000000000000000000000000000000000000000100101000000000000000000000000000000000000000000000000000000000000000100100101000000000
    1328 00000000000000000000000000000000000000000000000001001010000000000000000000000000000000000000000000000000000000000110101000000000
    1344 00000000000000000000000000000000000000000000000000000001000000100000000000000000000000000000000000000000000000000000000000010010
    1360 00000000000000000000000000000000000000000000000000000000010010110000000000000000000000000000000000000000000000000000000000000010
    1376 01001011000000000000000000000000000000000000000000000000000000000100101100000000000000000000000000000000000000000000000000000000
    1392 01101011000000000000000000000000000000000000000000000000000000000000000100000011000000000000000000000000000000000000000000000000
    1408 00000000000100110000000000000000000000000000000000000000000000000000000001001100000000000000000000000000000000000000000000000000
    1424 00000000000000100100110000000000000000000000000000000000000000000000000000000000010011000000000000000000000000000000000000000000
    1440 00000000000000000110110000000000000000000000000000000000000000000000000000000000000000010000001100000000000000000000000000000000
    1456 00000000000000000000000000010011000000000000000000000000000000000000000000000000000000000100110100000000000000000000000000000000
    1472 00000000000000000000000000000010010011010000000000000000000000000000000000000000000000000000000001001101000000000000000000000000
    1488 00000000000000000000000000000000011011010000000000000000000000000000000000000000000000000000000000000001000000110000000000000000
    1504 00000000000000000000000000000000000000000001001100000000000000000000000000000000000000000000000000000000010011100000000000000000
    1520 00000000000000000000000000000000000000000000001001001110000000000000000000000000000000000000000000000000000000000100111000000000
    1536 00000000000000000000000000000000000000000000000001101110000000000000000000000000000000000000000000000000000000000000000100000011
    1552 00000000000000000000000000000000000000000000000000000000000100110000000000000000000000000000000000000000000000000000000001001111
    1568 00000000000000000000000000000000000000000000000000000000000000100100111100000000000000000000000000000000000000000000000000000000
    1584 01001111000000000000000000000000000000000000000000000000000000000110111100000000000000000000000000000000000000000000000000000000
    1600 00000001000001000000000000000000000000000000000000000000000000000000000000010100000000000000000000000000000000000000000000000000
    1616 00000000010100000000000000000000000000000000000000000000000000000000000000000010010100000000000000000000000000000000000000000000
    1632 00000000000000000101000000000000000000000000000000000000000000000000000000000000011100000000000000000000000000000000000000000000
    1648 00000000000000000000000100000100000000000000000000000000000000000000000000000000000000000001010000000000000000000000000000000000
    1664 00000000000000000000000001010001000000000000000000000000000000000000000000000000000000000000001001010001000000000000000000000000
    1680 00000000000000000000000000000000010100010000000000000000000000000000000000000000000000000000000001110001000000000000000000000000
    1696 00000000000000000000000000000000000000010000010000000000000000000000000000000000000000000000000000000000000101000000000000000000
    1712 00000000000000000000000000000000000000000101001000000000000000000000000000000000000000000000000000000000000000100101001000000000
    1728 00000000000000000000000000000000000000000000000001010010000000000000000000000000000000000000000000000000000000000111001000000000
    1744 00000000000000000000000000000000000000000000000000000001000001000000000000000000000000000000000000000000000000000000000000010100
    1760 00000000000000000000000000000000000000000000000000000000010100110000000000000000000000000000000000000000000000000000000000000010
    1776 01010011000000000000000000000000000000000000000000000000000000000101001100000000000000000000000000000000000000000000000000000000
    1792 01110011000000000000000000000000000000000000000000000000000000000000000100000101000000000000000000000000000000000000000000000000
    1808 00000000000101010000000000000000000000000000000000000000000000000000000001010100000000000000000000000000000000000000000000000000
    1824 00000000000000100101010000000000000000000000000000000000000000000000000000000000010101000000000000000000000000000000000000000000
    1840 00000000000000000111010000000000000000000000000000000000000000000000000000000000000000010000010100000000000000000000000000000000
    1856 00000000000000000000000000010101000000000000000000000000000000000000000000000000000000000101010100000000000000000000000000000000
    1872 00000000000000000000000000000010010101010000000000000000000000000000000000000000000000000000000001010101000000000000000000000000
    1888 00000000000000000000000000000000011101010000000000000000000000000000000000000000000000000000000000000001000001010000000000000000
    1904 00000000000000000000000000000000000000000001010100000000000000000000000000000000000000000000000000000000010101100000000000000000
    1920 00000000000000000000000000000000000000000000001001010110000000000000000000000000000000000000000000000000000000000101011000000000
    1936 00000000000000000000000000000000000000000000000001110110000000000000000000000000000000000000000000000000000000000000000100000101
    1952 00000000000000000000000000000000000000000000000000000000000101010000000000000000000000000000000000000000000000000000000001010111
    1968 00000000000000000000000000000000000000000000000000000000000000100101011100000000000000000000000000000000000000000000000000000000
    1984 01010111000000000000000000000000000000000000000000000000000000000111011100000000000000000000000000000000000000000000000000000000
    2000 00000001000001100000000000000000000000000000000000000000000000000000000000010110000000000000000000000000000000000000000000000000
    2016 00000000010110000000000000000000000000000000000000000000000000000000000000000010010110000000000000000000000000000000000000000000
    2032 00000000000000000101100000000000000000000000000000000000000000000000000000000000011110000000000000000000000000000000000000000000
    2048 00000000000000000000000100000110000000000000000000000000000000000000000000000000000000000001011000000000000000000000000000000000
    2064 00000000000000000000000001011001000000000000000000000000000000000000000000000000000000000000001001011001000000000000000000000000
    2080 00000000000000000000000000000000010110010000000000000000000000000000000000000000000000000000000001111001000000000000000000000000
    2096 00000000000000000000000000000000000000010000011000000000000000000000000000000000000000000000000000000000000101100000000000000000
    2112 00000000000000000000000000000000000000000101101000000000000000000000000000000000000000000000000000000000000000100101101000000000
    2128 00000000000000000000000000000000000000000000000001011010000000000000000000000000000000000000000000000000000000000111101000000000
    2144 00000000000000000000000000000000000000000000000000000001000001100000000000000000000000000000000000000000000000000000000000010110
    2160 00000000000000000000000000000000000000000000000000000000010110110000000000000000000000000000000000000000000000000000000000000010
    2176 01011011000000000000000000000000000000000000000000000000000000000101101100000000000000000000000000000000000000000000000000000000
    2192 01111011000000000000000000000000000000000000000000000000000000000000000100000111000000000000000000000000000000000000000000000000
    2208 00000000000101110000000000000000000000000000000000000000000000000000000001011100000000000000000000000000000000000000000000000000
    2224 00000000000000100101110000000000000000000000000000000000000000000000000000000000010111000000000000000000000000000000000000000000
    2240 00000000000000000111110000000000000000000000000000000000000000000000000000000000000000010000011100000000000000000000000000000000
    2256 00000000000000000000000000010111000000000000000000000000000000000000000000000000000000000101110100000000000000000000000000000000
    2272 00000000000000000000000000000010010111010000000000000000000000000000000000000000000000000000000001011101000000000000000000000000
    2288 00000000000000000000000000000000011111010000000000000000000000000000000000000000000000000000000000000001000001110000000000000000
    2304 00000000000000000000000000000000000000000001011100000000000000000000000000000000000000000000000000000000010111100000000000000000
    2320 00000000000000000000000000000000000000000000001001011110000000000000000000000000000000000000000000000000000000000101111000000000
    2336 00000000000000000000000000000000000000000000000001111110000000000000000000000000000000000000000000000000000000000000000100000111
    2352 00000000000000000000000000000000000000000000000000000000000101110000000000000000000000000000000000000000000000000000000001011111
    2368 00000000000000000000000000000000000000000000000000000000000000100101111100000000000000000000000000000000000000000000000000000000
    2384 01011111000000000000000000000000000000000000000000000000000000000111111100000000000000000000000000000000000000000000000000000000
