READER1.mno  5860 B  ALL 46880 BITS. NOTHING TRUNCATED. 128 per line.

       0 00000011000000000000000000000000000000000000000000000000000000000000000000010000000000000000000000000000000000000000000000000000
      16 00000000101100000000000000000000000000000000000000000000000000000000000000000011000000010000000000000000000000000000000000000000
      32 00000000000000000001000100000000000000000000000000000000000000000000000000000000101100010000000000000000000000000000000000000000
      48 00000000000000000000001010110000000000000000000000000000000000000000000000000000000000001011000100000000000000000000000000000000
      64 00000000000000000000000010110010000000000000000000000000000000000000000000000000000000000000001100000010000000000000000000000000
      80 00000000000000000000000000000000000100100000000000000000000000000000000000000000000000000000000010110011000000000000000000000000
      96 00000000000000000000000000000000000000101011001000000000000000000000000000000000000000000000000000000000101100110000000000000000
     112 00000000000000000000000000000000000000001011010000000000000000000000000000000000000000000000000000000000000000110000001100000000
     128 00000000000000000000000000000000000000000000000000010011000000000000000000000000000000000000000000000000000000001011010100000000
     144 00000000000000000000000000000000000000000000000000000010101101000000000000000000000000000000000000000000000000000000000010110101
     160 00000000000000000000000000000000000000000000000000000000101101100000000000000000000000000000000000000000000000000000000000000011
     176 00000100000000000000000000000000000000000000000000000000000000000001010000000000000000000000000000000000000000000000000000000000
     192 10110111000000000000000000000000000000000000000000000000000000000000001010110110000000000000000000000000000000000000000000000000
     208 00000000101101110000000000000000000000000000000000000000000000000000000010111000000000000000000000000000000000000000000000000000
     224 00000000000000110000010100000000000000000000000000000000000000000000000000000000000101010000000000000000000000000000000000000000
     240 00000000000000001011100100000000000000000000000000000000000000000000000000000000000000101011100000000000000000000000000000000000
     256 00000000000000000000000010111001000000000000000000000000000000000000000000000000000000001011101000000000000000000000000000000000
     272 00000000000000000000000000000011000001100000000000000000000000000000000000000000000000000000000000010110000000000000000000000000
     288 00000000000000000000000000000000101110110000000000000000000000000000000000000000000000000000000000000010101110100000000000000000
     304 00000000000000000000000000000000000000001011101100000000000000000000000000000000000000000000000000000000101111000000000000000000
     320 00000000000000000000000000000000000000000000001100000111000000000000000000000000000000000000000000000000000000000001011100000000
     336 00000000000000000000000000000000000000000000000010111101000000000000000000000000000000000000000000000000000000000000001010111100
     352 00000000000000000000000000000000000000000000000000000000101111010000000000000000000000000000000000000000000000000000000010111110
     368 00000000000000000000000000000000000000000000000000000000000001001011111000000000000000000000000000000000000000000000000000000000
     384 10111110000000000000000000000000000000000000000000000000000000000111000000000001000000000000000000000000000000000000000000000000
     400 00000011000000000000000000000000000000000000000000000000000000000000000000011000000000000000000000000000000000000000000000000000
     416 00000000110000000000000000000000000000000000000000000000000000000000000000000011000000010000000000000000000000000000000000000000
     432 00000000000000000001100100000000000000000000000000000000000000000000000000000000110000010000000000000000000000000000000000000000
     448 00000000000000000000001011000000000000000000000000000000000000000000000000000000000000001100000100000000000000000000000000000000
     464 00000000000000000000000011000010000000000000000000000000000000000000000000000000000000000000001100000010000000000000000000000000
     480 00000000000000000000000000000000000110100000000000000000000000000000000000000000000000000000000011000011000000000000000000000000
     496 00000000000000000000000000000000000000101100001000000000000000000000000000000000000000000000000000000000110000110000000000000000
     512 00000000000000000000000000000000000000001100010000000000000000000000000000000000000000000000000000000000000000110000001100000000
     528 00000000000000000000000000000000000000000000000000011011000000000000000000000000000000000000000000000000000000001100010100000000
     544 00000000000000000000000000000000000000000000000000000010110001000000000000000000000000000000000000000000000000000000000011000101
     560 00000000000000000000000000000000000000000000000000000000110001100000000000000000000000000000000000000000000000000000000000000011
     576 00000100000000000000000000000000000000000000000000000000000000000001110000000000000000000000000000000000000000000000000000000000
     592 11000111000000000000000000000000000000000000000000000000000000000000001011000110000000000000000000000000000000000000000000000000
     608 00000000110001110000000000000000000000000000000000000000000000000000000011001000000000000000000000000000000000000000000000000000
     624 00000000000000110000010100000000000000000000000000000000000000000000000000000000000111010000000000000000000000000000000000000000
     640 00000000000000001100100100000000000000000000000000000000000000000000000000000000000000101100100000000000000000000000000000000000
     656 00000000000000000000000011001001000000000000000000000000000000000000000000000000000000001100101000000000000000000000000000000000
     672 00000000000000000000000000000011000001100000000000000000000000000000000000000000000000000000000000011110000000000000000000000000
     688 00000000000000000000000000000000110010110000000000000000000000000000000000000000000000000000000000000010110010100000000000000000
     704 00000000000000000000000000000000000000001100101100000000000000000000000000000000000000000000000000000000110011000000000000000000
     720 00000000000000000000000000000000000000000000001100000111000000000000000000000000000000000000000000000000000000000001111100000000
     736 00000000000000000000000000000000000000000000000011001101000000000000000000000000000000000000000000000000000000000000001011001100
     752 00000000000000000000000000000000000000000000000000000000110011010000000000000000000000000000000000000000000000000000000011001110
     768 00000000000000000000000000000000000000000000000000000000000001001100111000000000000000000000000000000000000000000000000000000000
     784 11001110000000000000000000000000000000000000000000000000000000000111000100000001000000000000000000000000000000000000000000000000
     800 00000011000000000000000000000000000000000000000000000000000000000000000000100000000000000000000000000000000000000000000000000000
     816 00000000110100000000000000000000000000000000000000000000000000000000000000000011000000010000000000000000000000000000000000000000
     832 00000000000000000010000100000000000000000000000000000000000000000000000000000000110100010000000000000000000000000000000000000000
     848 00000000000000000000001011010000000000000000000000000000000000000000000000000000000000001101000100000000000000000000000000000000
     864 00000000000000000000000011010010000000000000000000000000000000000000000000000000000000000000001100000010000000000000000000000000
     880 00000000000000000000000000000000001000100000000000000000000000000000000000000000000000000000000011010011000000000000000000000000
     896 00000000000000000000000000000000000000101101001000000000000000000000000000000000000000000000000000000000110100110000000000000000
     912 00000000000000000000000000000000000000001101010000000000000000000000000000000000000000000000000000000000000000110000001100000000
     928 00000000000000000000000000000000000000000000000000100011000000000000000000000000000000000000000000000000000000001101010100000000
     944 00000000000000000000000000000000000000000000000000000010110101000000000000000000000000000000000000000000000000000000000011010101
     960 00000000000000000000000000000000000000000000000000000000110101100000000000000000000000000000000000000000000000000000000000000011
     976 00000100000000000000000000000000000000000000000000000000000000000010010000000000000000000000000000000000000000000000000000000000
     992 11010111000000000000000000000000000000000000000000000000000000000000001011010110000000000000000000000000000000000000000000000000
    1008 00000000110101110000000000000000000000000000000000000000000000000000000011011000000000000000000000000000000000000000000000000000
    1024 00000000000000110000010100000000000000000000000000000000000000000000000000000000001001010000000000000000000000000000000000000000
    1040 00000000000000001101100100000000000000000000000000000000000000000000000000000000000000101101100000000000000000000000000000000000
    1056 00000000000000000000000011011001000000000000000000000000000000000000000000000000000000001101101000000000000000000000000000000000
    1072 00000000000000000000000000000011000001100000000000000000000000000000000000000000000000000000000000100110000000000000000000000000
    1088 00000000000000000000000000000000110110110000000000000000000000000000000000000000000000000000000000000010110110100000000000000000
    1104 00000000000000000000000000000000000000001101101100000000000000000000000000000000000000000000000000000000110111000000000000000000
    1120 00000000000000000000000000000000000000000000001100000111000000000000000000000000000000000000000000000000000000000010011100000000
    1136 00000000000000000000000000000000000000000000000011011101000000000000000000000000000000000000000000000000000000000000001011011100
    1152 00000000000000000000000000000000000000000000000000000000110111010000000000000000000000000000000000000000000000000000000011011110
    1168 00000000000000000000000000000000000000000000000000000000000001001101111000000000000000000000000000000000000000000000000000000000
    1184 11011110000000000000000000000000000000000000000000000000000000000111001000000001000000000000000000000000000000000000000000000000
    1200 00000011000000000000000000000000000000000000000000000000000000000000000000101000000000000000000000000000000000000000000000000000
    1216 00000000111000000000000000000000000000000000000000000000000000000000000000000011000000010000000000000000000000000000000000000000
    1232 00000000000000000010100100000000000000000000000000000000000000000000000000000000111000010000000000000000000000000000000000000000
    1248 00000000000000000000001011100000000000000000000000000000000000000000000000000000000000001110000100000000000000000000000000000000
    1264 00000000000000000000000011100010000000000000000000000000000000000000000000000000000000000000001100000010000000000000000000000000
    1280 00000000000000000000000000000000001010100000000000000000000000000000000000000000000000000000000011100011000000000000000000000000
    1296 00000000000000000000000000000000000000101110001000000000000000000000000000000000000000000000000000000000111000110000000000000000
    1312 00000000000000000000000000000000000000001110010000000000000000000000000000000000000000000000000000000000000000110000001100000000
    1328 00000000000000000000000000000000000000000000000000101011000000000000000000000000000000000000000000000000000000001110010100000000
    1344 00000000000000000000000000000000000000000000000000000010111001000000000000000000000000000000000000000000000000000000000011100101
    1360 00000000000000000000000000000000000000000000000000000000111001100000000000000000000000000000000000000000000000000000000000000011
    1376 00000100000000000000000000000000000000000000000000000000000000000010110000000000000000000000000000000000000000000000000000000000
    1392 11100111000000000000000000000000000000000000000000000000000000000000001011100110000000000000000000000000000000000000000000000000
    1408 00000000111001110000000000000000000000000000000000000000000000000000000011101000000000000000000000000000000000000000000000000000
    1424 00000000000000110000010100000000000000000000000000000000000000000000000000000000001011010000000000000000000000000000000000000000
    1440 00000000000000001110100100000000000000000000000000000000000000000000000000000000000000101110100000000000000000000000000000000000
    1456 00000000000000000000000011101001000000000000000000000000000000000000000000000000000000001110101000000000000000000000000000000000
    1472 00000000000000000000000000000011000001100000000000000000000000000000000000000000000000000000000000101110000000000000000000000000
    1488 00000000000000000000000000000000111010110000000000000000000000000000000000000000000000000000000000000010111010100000000000000000
    1504 00000000000000000000000000000000000000001110101100000000000000000000000000000000000000000000000000000000111011000000000000000000
    1520 00000000000000000000000000000000000000000000001100000111000000000000000000000000000000000000000000000000000000000010111100000000
    1536 00000000000000000000000000000000000000000000000011101101000000000000000000000000000000000000000000000000000000000000001011101100
    1552 00000000000000000000000000000000000000000000000000000000111011010000000000000000000000000000000000000000000000000000000011101110
    1568 00000000000000000000000000000000000000000000000000000000000001001110111000000000000000000000000000000000000000000000000000000000
    1584 11101110000000000000000000000000000000000000000000000000000000000111001100000001000000000000000000000000000000000000000000000000
    1600 00000011000000000000000000000000000000000000000000000000000000000000000000110000000000000000000000000000000000000000000000000000
    1616 00000000111100000000000000000000000000000000000000000000000000000000000000000011000000010000000000000000000000000000000000000000
    1632 00000000000000000011000100000000000000000000000000000000000000000000000000000000111100010000000000000000000000000000000000000000
    1648 00000000000000000000001011110000000000000000000000000000000000000000000000000000000000001111000100000000000000000000000000000000
    1664 00000000000000000000000011110010000000000000000000000000000000000000000000000000000000000000001100000010000000000000000000000000
    1680 00000000000000000000000000000000001100100000000000000000000000000000000000000000000000000000000011110011000000000000000000000000
    1696 00000000000000000000000000000000000000101111001000000000000000000000000000000000000000000000000000000000111100110000000000000000
    1712 00000000000000000000000000000000000000001111010000000000000000000000000000000000000000000000000000000000000000110000001100000000
    1728 00000000000000000000000000000000000000000000000000110011000000000000000000000000000000000000000000000000000000001111010100000000
    1744 00000000000000000000000000000000000000000000000000000010111101000000000000000000000000000000000000000000000000000000000011110101
    1760 00000000000000000000000000000000000000000000000000000000111101100000000000000000000000000000000000000000000000000000000000000011
    1776 00000100000000000000000000000000000000000000000000000000000000000011010000000000000000000000000000000000000000000000000000000000
    1792 11110111000000000000000000000000000000000000000000000000000000000000001011110110000000000000000000000000000000000000000000000000
    1808 00000000111101110000000000000000000000000000000000000000000000000000000011111000000000000000000000000000000000000000000000000000
    1824 00000000000000110000010100000000000000000000000000000000000000000000000000000000001101010000000000000000000000000000000000000000
    1840 00000000000000001111100100000000000000000000000000000000000000000000000000000000000000101111100000000000000000000000000000000000
    1856 00000000000000000000000011111001000000000000000000000000000000000000000000000000000000001111101000000000000000000000000000000000
    1872 00000000000000000000000000000011000001100000000000000000000000000000000000000000000000000000000000110110000000000000000000000000
    1888 00000000000000000000000000000000111110110000000000000000000000000000000000000000000000000000000000000010111110100000000000000000
    1904 00000000000000000000000000000000000000001111101100000000000000000000000000000000000000000000000000000000111111000000000000000000
    1920 00000000000000000000000000000000000000000000001100000111000000000000000000000000000000000000000000000000000000000011011100000000
    1936 00000000000000000000000000000000000000000000000011111101000000000000000000000000000000000000000000000000000000000000001011111100
    1952 00000000000000000000000000000000000000000000000000000000111111010000000000000000000000000000000000000000000000000000000011111110
    1968 00000000000000000000000000000000000000000000000000000000000001001111111000000000000000000000000000000000000000000000000000000000
    1984 11111110000000000000000000000000000000000000000000000000000000000111010000000001000000000000000000000000000000000000000000000000
    2000 00000011000000000000000000000000000000000000000000000000000000000000000000111000000000000000000000000000000000000000000000000000
    2016 00000000000000000000000100000000000000000000000000000000000000000000000000000011000000010000000000000000000000000000000000000000
    2032 00000000000000000011100100000000000000000000000000000000000000000000000000000000000000010000000100000000000000000000000000000000
    2048 00000000000000000000001000000000000000010000000000000000000000000000000000000000000000000000000100000001000000000000000000000000
    2064 00000000000000000000000000000010000000010000000000000000000000000000000000000000000000000000001100000010000000000000000000000000
    2080 00000000000000000000000000000000001110100000000000000000000000000000000000000000000000000000000000000011000000010000000000000000
    2096 00000000000000000000000000000000000000100000001000000001000000000000000000000000000000000000000000000000000000110000000100000000
    2112 00000000000000000000000000000000000000000000010000000001000000000000000000000000000000000000000000000000000000110000001100000000
    2128 00000000000000000000000000000000000000000000000000111011000000000000000000000000000000000000000000000000000000000000010100000001
    2144 00000000000000000000000000000000000000000000000000000010000001000000000100000000000000000000000000000000000000000000000000000101
    2160 00000001000000000000000000000000000000000000000000000000000001100000000100000000000000000000000000000000000000000000000000000011
    2176 00000100000000000000000000000000000000000000000000000000000000000011110000000000000000000000000000000000000000000000000000000000
    2192 00000111000000010000000000000000000000000000000000000000000000000000001000000110000000010000000000000000000000000000000000000000
    2208 00000000000001110000000100000000000000000000000000000000000000000000000000001000000000010000000000000000000000000000000000000000
    2224 00000000000000110000010100000000000000000000000000000000000000000000000000000000001111010000000000000000000000000000000000000000
    2240 00000000000000000000100100000001000000000000000000000000000000000000000000000000000000100000100000000001000000000000000000000000
    2256 00000000000000000000000000001001000000010000000000000000000000000000000000000000000000000000101000000001000000000000000000000000
    2272 00000000000000000000000000000011000001100000000000000000000000000000000000000000000000000000000000111110000000000000000000000000
    2288 00000000000000000000000000000000000010110000000100000000000000000000000000000000000000000000000000000010000010100000000100000000
    2304 00000000000000000000000000000000000000000000101100000001000000000000000000000000000000000000000000000000000011000000000100000000
    2320 00000000000000000000000000000000000000000000001100000111000000000000000000000000000000000000000000000000000000000011111100000000
    2336 00000000000000000000000000000000000000000000000000001101000000010000000000000000000000000000000000000000000000000000001000001100
    2352 00000001000000000000000000000000000000000000000000000000000011010000000100000000000000000000000000000000000000000000000000001110
    2368 00000001000000000000000000000000000000000000000000000000000001000000111000000001000000000000000000000000000000000000000000000000
    2384 00001110000000010000000000000000000000000000000000000000000000000111010100000001000000000000000000000000000000000000000000000000
    2400 00000011000000000000000000000000000000000000000000000000000000000000000001000000000000000000000000000000000000000000000000000000
    2416 00000000000100000000000100000000000000000000000000000000000000000000000000000011000000010000000000000000000000000000000000000000
    2432 00000000000000000100000100000000000000000000000000000000000000000000000000000000000100010000000100000000000000000000000000000000
    2448 00000000000000000000001000010000000000010000000000000000000000000000000000000000000000000001000100000001000000000000000000000000
    2464 00000000000000000000000000010010000000010000000000000000000000000000000000000000000000000000001100000010000000000000000000000000
    2480 00000000000000000000000000000000010000100000000000000000000000000000000000000000000000000000000000010011000000010000000000000000
    2496 00000000000000000000000000000000000000100001001000000001000000000000000000000000000000000000000000000000000100110000000100000000
    2512 00000000000000000000000000000000000000000001010000000001000000000000000000000000000000000000000000000000000000110000001100000000
    2528 00000000000000000000000000000000000000000000000001000011000000000000000000000000000000000000000000000000000000000001010100000001
    2544 00000000000000000000000000000000000000000000000000000010000101000000000100000000000000000000000000000000000000000000000000010101
    2560 00000001000000000000000000000000000000000000000000000000000101100000000100000000000000000000000000000000000000000000000000000011
    2576 00000100000000000000000000000000000000000000000000000000000000000100010000000000000000000000000000000000000000000000000000000000
    2592 00010111000000010000000000000000000000000000000000000000000000000000001000010110000000010000000000000000000000000000000000000000
    2608 00000000000101110000000100000000000000000000000000000000000000000000000000011000000000010000000000000000000000000000000000000000
    2624 00000000000000110000010100000000000000000000000000000000000000000000000000000000010001010000000000000000000000000000000000000000
    2640 00000000000000000001100100000001000000000000000000000000000000000000000000000000000000100001100000000001000000000000000000000000
    2656 00000000000000000000000000011001000000010000000000000000000000000000000000000000000000000001101000000001000000000000000000000000
    2672 00000000000000000000000000000011000001100000000000000000000000000000000000000000000000000000000001000110000000000000000000000000
    2688 00000000000000000000000000000000000110110000000100000000000000000000000000000000000000000000000000000010000110100000000100000000
    2704 00000000000000000000000000000000000000000001101100000001000000000000000000000000000000000000000000000000000111000000000100000000
    2720 00000000000000000000000000000000000000000000001100000111000000000000000000000000000000000000000000000000000000000100011100000000
    2736 00000000000000000000000000000000000000000000000000011101000000010000000000000000000000000000000000000000000000000000001000011100
    2752 00000001000000000000000000000000000000000000000000000000000111010000000100000000000000000000000000000000000000000000000000011110
    2768 00000001000000000000000000000000000000000000000000000000000001000001111000000001000000000000000000000000000000000000000000000000
    2784 00011110000000010000000000000000000000000000000000000000000000000111011000000001000000000000000000000000000000000000000000000000
    2800 00000011000000000000000000000000000000000000000000000000000000000000000001001000000000000000000000000000000000000000000000000000
    2816 00000000001000000000000100000000000000000000000000000000000000000000000000000011000000010000000000000000000000000000000000000000
    2832 00000000000000000100100100000000000000000000000000000000000000000000000000000000001000010000000100000000000000000000000000000000
    2848 00000000000000000000001000100000000000010000000000000000000000000000000000000000000000000010000100000001000000000000000000000000
    2864 00000000000000000000000000100010000000010000000000000000000000000000000000000000000000000000001100000010000000000000000000000000
    2880 00000000000000000000000000000000010010100000000000000000000000000000000000000000000000000000000000100011000000010000000000000000
    2896 00000000000000000000000000000000000000100010001000000001000000000000000000000000000000000000000000000000001000110000000100000000
    2912 00000000000000000000000000000000000000000010010000000001000000000000000000000000000000000000000000000000000000110000001100000000
    2928 00000000000000000000000000000000000000000000000001001011000000000000000000000000000000000000000000000000000000000010010100000001
    2944 00000000000000000000000000000000000000000000000000000010001001000000000100000000000000000000000000000000000000000000000000100101
    2960 00000001000000000000000000000000000000000000000000000000001001100000000100000000000000000000000000000000000000000000000000000011
    2976 00000100000000000000000000000000000000000000000000000000000000000100110000000000000000000000000000000000000000000000000000000000
    2992 00100111000000010000000000000000000000000000000000000000000000000000001000100110000000010000000000000000000000000000000000000000
    3008 00000000001001110000000100000000000000000000000000000000000000000000000000101000000000010000000000000000000000000000000000000000
    3024 00000000000000110000010100000000000000000000000000000000000000000000000000000000010011010000000000000000000000000000000000000000
    3040 00000000000000000010100100000001000000000000000000000000000000000000000000000000000000100010100000000001000000000000000000000000
    3056 00000000000000000000000000101001000000010000000000000000000000000000000000000000000000000010101000000001000000000000000000000000
    3072 00000000000000000000000000000011000001100000000000000000000000000000000000000000000000000000000001001110000000000000000000000000
    3088 00000000000000000000000000000000001010110000000100000000000000000000000000000000000000000000000000000010001010100000000100000000
    3104 00000000000000000000000000000000000000000010101100000001000000000000000000000000000000000000000000000000001011000000000100000000
    3120 00000000000000000000000000000000000000000000001100000111000000000000000000000000000000000000000000000000000000000100111100000000
    3136 00000000000000000000000000000000000000000000000000101101000000010000000000000000000000000000000000000000000000000000001000101100
    3152 00000001000000000000000000000000000000000000000000000000001011010000000100000000000000000000000000000000000000000000000000101110
    3168 00000001000000000000000000000000000000000000000000000000000001000010111000000001000000000000000000000000000000000000000000000000
    3184 00101110000000010000000000000000000000000000000000000000000000000111011100000001000000000000000000000000000000000000000000000000
    3200 00000011000000000000000000000000000000000000000000000000000000000000000001010000000000000000000000000000000000000000000000000000
    3216 00000000001100000000000100000000000000000000000000000000000000000000000000000011000000010000000000000000000000000000000000000000
    3232 00000000000000000101000100000000000000000000000000000000000000000000000000000000001100010000000100000000000000000000000000000000
    3248 00000000000000000000001000110000000000010000000000000000000000000000000000000000000000000011000100000001000000000000000000000000
    3264 00000000000000000000000000110010000000010000000000000000000000000000000000000000000000000000001100000010000000000000000000000000
    3280 00000000000000000000000000000000010100100000000000000000000000000000000000000000000000000000000000110011000000010000000000000000
    3296 00000000000000000000000000000000000000100011001000000001000000000000000000000000000000000000000000000000001100110000000100000000
    3312 00000000000000000000000000000000000000000011010000000001000000000000000000000000000000000000000000000000000000110000001100000000
    3328 00000000000000000000000000000000000000000000000001010011000000000000000000000000000000000000000000000000000000000011010100000001
    3344 00000000000000000000000000000000000000000000000000000010001101000000000100000000000000000000000000000000000000000000000000110101
    3360 00000001000000000000000000000000000000000000000000000000001101100000000100000000000000000000000000000000000000000000000000000011
    3376 00000100000000000000000000000000000000000000000000000000000000000101010000000000000000000000000000000000000000000000000000000000
    3392 00110111000000010000000000000000000000000000000000000000000000000000001000110110000000010000000000000000000000000000000000000000
    3408 00000000001101110000000100000000000000000000000000000000000000000000000000111000000000010000000000000000000000000000000000000000
    3424 00000000000000110000010100000000000000000000000000000000000000000000000000000000010101010000000000000000000000000000000000000000
    3440 00000000000000000011100100000001000000000000000000000000000000000000000000000000000000100011100000000001000000000000000000000000
    3456 00000000000000000000000000111001000000010000000000000000000000000000000000000000000000000011101000000001000000000000000000000000
    3472 00000000000000000000000000000011000001100000000000000000000000000000000000000000000000000000000001010110000000000000000000000000
    3488 00000000000000000000000000000000001110110000000100000000000000000000000000000000000000000000000000000010001110100000000100000000
    3504 00000000000000000000000000000000000000000011101100000001000000000000000000000000000000000000000000000000001111000000000100000000
    3520 00000000000000000000000000000000000000000000001100000111000000000000000000000000000000000000000000000000000000000101011100000000
    3536 00000000000000000000000000000000000000000000000000111101000000010000000000000000000000000000000000000000000000000000001000111100
    3552 00000001000000000000000000000000000000000000000000000000001111010000000100000000000000000000000000000000000000000000000000111110
    3568 00000001000000000000000000000000000000000000000000000000000001000011111000000001000000000000000000000000000000000000000000000000
    3584 00111110000000010000000000000000000000000000000000000000000000000111100000000001000000000000000000000000000000000000000000000000
    3600 00000011000000000000000000000000000000000000000000000000000000000000000001011000000000000000000000000000000000000000000000000000
    3616 00000000010000000000000100000000000000000000000000000000000000000000000000000011000000010000000000000000000000000000000000000000
    3632 00000000000000000101100100000000000000000000000000000000000000000000000000000000010000010000000100000000000000000000000000000000
    3648 00000000000000000000001001000000000000010000000000000000000000000000000000000000000000000100000100000001000000000000000000000000
    3664 00000000000000000000000001000010000000010000000000000000000000000000000000000000000000000000001100000010000000000000000000000000
    3680 00000000000000000000000000000000010110100000000000000000000000000000000000000000000000000000000001000011000000010000000000000000
    3696 00000000000000000000000000000000000000100100001000000001000000000000000000000000000000000000000000000000010000110000000100000000
    3712 00000000000000000000000000000000000000000100010000000001000000000000000000000000000000000000000000000000000000110000001100000000
    3728 00000000000000000000000000000000000000000000000001011011000000000000000000000000000000000000000000000000000000000100010100000001
    3744 00000000000000000000000000000000000000000000000000000010010001000000000100000000000000000000000000000000000000000000000001000101
    3760 00000001000000000000000000000000000000000000000000000000010001100000000100000000000000000000000000000000000000000000000000000011
    3776 00000100000000000000000000000000000000000000000000000000000000000101110000000000000000000000000000000000000000000000000000000000
    3792 01000111000000010000000000000000000000000000000000000000000000000000001001000110000000010000000000000000000000000000000000000000
    3808 00000000010001110000000100000000000000000000000000000000000000000000000001001000000000010000000000000000000000000000000000000000
    3824 00000000000000110000010100000000000000000000000000000000000000000000000000000000010111010000000000000000000000000000000000000000
    3840 00000000000000000100100100000001000000000000000000000000000000000000000000000000000000100100100000000001000000000000000000000000
    3856 00000000000000000000000001001001000000010000000000000000000000000000000000000000000000000100101000000001000000000000000000000000
    3872 00000000000000000000000000000011000001100000000000000000000000000000000000000000000000000000000001011110000000000000000000000000
    3888 00000000000000000000000000000000010010110000000100000000000000000000000000000000000000000000000000000010010010100000000100000000
    3904 00000000000000000000000000000000000000000100101100000001000000000000000000000000000000000000000000000000010011000000000100000000
    3920 00000000000000000000000000000000000000000000001100000111000000000000000000000000000000000000000000000000000000000101111100000000
    3936 00000000000000000000000000000000000000000000000001001101000000010000000000000000000000000000000000000000000000000000001001001100
    3952 00000001000000000000000000000000000000000000000000000000010011010000000100000000000000000000000000000000000000000000000001001110
    3968 00000001000000000000000000000000000000000000000000000000000001000100111000000001000000000000000000000000000000000000000000000000
    3984 01001110000000010000000000000000000000000000000000000000000000000111100100000001000000000000000000000000000000000000000000000000
    4000 00000011000000000000000000000000000000000000000000000000000000000000000001100000000000000000000000000000000000000000000000000000
    4016 00000000010100000000000100000000000000000000000000000000000000000000000000000011000000010000000000000000000000000000000000000000
    4032 00000000000000000110000100000000000000000000000000000000000000000000000000000000010100010000000100000000000000000000000000000000
    4048 00000000000000000000001001010000000000010000000000000000000000000000000000000000000000000101000100000001000000000000000000000000
    4064 00000000000000000000000001010010000000010000000000000000000000000000000000000000000000000000001100000010000000000000000000000000
    4080 00000000000000000000000000000000011000100000000000000000000000000000000000000000000000000000000001010011000000010000000000000000
    4096 00000000000000000000000000000000000000100101001000000001000000000000000000000000000000000000000000000000010100110000000100000000
    4112 00000000000000000000000000000000000000000101010000000001000000000000000000000000000000000000000000000000000000110000001100000000
    4128 00000000000000000000000000000000000000000000000001100011000000000000000000000000000000000000000000000000000000000101010100000001
    4144 00000000000000000000000000000000000000000000000000000010010101000000000100000000000000000000000000000000000000000000000001010101
    4160 00000001000000000000000000000000000000000000000000000000010101100000000100000000000000000000000000000000000000000000000000000011
    4176 00000100000000000000000000000000000000000000000000000000000000000110010000000000000000000000000000000000000000000000000000000000
    4192 01010111000000010000000000000000000000000000000000000000000000000000001001010110000000010000000000000000000000000000000000000000
    4208 00000000010101110000000100000000000000000000000000000000000000000000000001011000000000010000000000000000000000000000000000000000
    4224 00000000000000110000010100000000000000000000000000000000000000000000000000000000011001010000000000000000000000000000000000000000
    4240 00000000000000000101100100000001000000000000000000000000000000000000000000000000000000100101100000000001000000000000000000000000
    4256 00000000000000000000000001011001000000010000000000000000000000000000000000000000000000000101101000000001000000000000000000000000
    4272 00000000000000000000000000000011000001100000000000000000000000000000000000000000000000000000000001100110000000000000000000000000
    4288 00000000000000000000000000000000010110110000000100000000000000000000000000000000000000000000000000000010010110100000000100000000
    4304 00000000000000000000000000000000000000000101101100000001000000000000000000000000000000000000000000000000010111000000000100000000
    4320 00000000000000000000000000000000000000000000001100000111000000000000000000000000000000000000000000000000000000000110011100000000
    4336 00000000000000000000000000000000000000000000000001011101000000010000000000000000000000000000000000000000000000000000001001011100
    4352 00000001000000000000000000000000000000000000000000000000010111010000000100000000000000000000000000000000000000000000000001011110
    4368 00000001000000000000000000000000000000000000000000000000000001000101111000000001000000000000000000000000000000000000000000000000
    4384 01011110000000010000000000000000000000000000000000000000000000000111101000000001000000000000000000000000000000000000000000000000
    4400 00000011000000000000000000000000000000000000000000000000000000000000000001101000000000000000000000000000000000000000000000000000
    4416 00000000011000000000000100000000000000000000000000000000000000000000000000000011000000010000000000000000000000000000000000000000
    4432 00000000000000000110100100000000000000000000000000000000000000000000000000000000011000010000000100000000000000000000000000000000
    4448 00000000000000000000001001100000000000010000000000000000000000000000000000000000000000000110000100000001000000000000000000000000
    4464 00000000000000000000000001100010000000010000000000000000000000000000000000000000000000000000001100000010000000000000000000000000
    4480 00000000000000000000000000000000011010100000000000000000000000000000000000000000000000000000000001100011000000010000000000000000
    4496 00000000000000000000000000000000000000100110001000000001000000000000000000000000000000000000000000000000011000110000000100000000
    4512 00000000000000000000000000000000000000000110010000000001000000000000000000000000000000000000000000000000000000110000001100000000
    4528 00000000000000000000000000000000000000000000000001101011000000000000000000000000000000000000000000000000000000000110010100000001
    4544 00000000000000000000000000000000000000000000000000000010011001000000000100000000000000000000000000000000000000000000000001100101
    4560 00000001000000000000000000000000000000000000000000000000011001100000000100000000000000000000000000000000000000000000000000000011
    4576 00000100000000000000000000000000000000000000000000000000000000000110110000000000000000000000000000000000000000000000000000000000
    4592 01100111000000010000000000000000000000000000000000000000000000000000001001100110000000010000000000000000000000000000000000000000
    4608 00000000011001110000000100000000000000000000000000000000000000000000000001101000000000010000000000000000000000000000000000000000
    4624 00000000000000110000010100000000000000000000000000000000000000000000000000000000011011010000000000000000000000000000000000000000
    4640 00000000000000000110100100000001000000000000000000000000000000000000000000000000000000100110100000000001000000000000000000000000
    4656 00000000000000000000000001101001000000010000000000000000000000000000000000000000000000000110101000000001000000000000000000000000
    4672 00000000000000000000000000000011000001100000000000000000000000000000000000000000000000000000000001101110000000000000000000000000
    4688 00000000000000000000000000000000011010110000000100000000000000000000000000000000000000000000000000000010011010100000000100000000
    4704 00000000000000000000000000000000000000000110101100000001000000000000000000000000000000000000000000000000011011000000000100000000
    4720 00000000000000000000000000000000000000000000001100000111000000000000000000000000000000000000000000000000000000000110111100000000
    4736 00000000000000000000000000000000000000000000000001101101000000010000000000000000000000000000000000000000000000000000001001101100
    4752 00000001000000000000000000000000000000000000000000000000011011010000000100000000000000000000000000000000000000000000000001101110
    4768 00000001000000000000000000000000000000000000000000000000000001000110111000000001000000000000000000000000000000000000000000000000
    4784 01101110000000010000000000000000000000000000000000000000000000000111101100000001000000000000000000000000000000000000000000000000
    4800 00000010000000000000000000000000000000000000000000000000000000000000000000000001000000000000000000000000000000000000000000000000
    4816 00000000011100000000000000000000000000000000000000000000000000000000000000000010011100000000000000000000000000000000000000000000
    4832 00000000000000000000001000000000000000000000000000000000000000000000000000000000011100010000000000000000000000000000000000000000
    4848 00000000000000000000001001110001000000000000000000000000000000000000000000000000000000000000001100000000000000000000000000000000
    4864 00000000000000000000000001110010000000000000000000000000000000000000000000000000000000000000001001110010000000000000000000000000
    4880 00000000000000000000000000000000000001000000000000000000000000000000000000000000000000000000000001110011000000000000000000000000
    4896 00000000000000000000000000000000000000100111001100000000000000000000000000000000000000000000000000000000000001010000000000000000
    4912 00000000000000000000000000000000000000000111010000000000000000000000000000000000000000000000000000000000000000100111010000000000
    4928 00000000000000000000000000000000000000000000000000000110000000000000000000000000000000000000000000000000000000000111010100000000
    4944 00000000000000000000000000000000000000000000000000000010011101010000000000000000000000000000000000000000000000000000000000000111
    4960 00000000000000000000000000000000000000000000000000000000011101100000000000000000000000000000000000000000000000000000000000000100
    4976 01110110000000000000000000000000000000000000000000000000000000000111011000000000000000000000000000000000000000000000000000000000
    4992 01111100000000010000000000000000000000000000000000000000000000000000000100000000000000000000000000000000000000000000000000000000
    5008 00000000000000010000000000000000000000000000000000000000000000000000000010000000000000000000000000000000000000000000000000000000
    5024 00000000000000011000000000000000000000000000000000000000000000000000000000000000000000100000000000000000000000000000000000000000
    5040 00000000000000001000000000000000000000000000000000000000000000000000000000000000000000011000000000000000000000000000000000000000
    5056 00000000000000000000000000000011000000000000000000000000000000000000000000000000000000001000000000000000000000000000000000000000
    5072 00000000000000000000000000000001100000000000000000000000000000000000000000000000000000000000000000000100000000000000000000000000
    5088 00000000000000000000000000000000100000000000000000000000000000000000000000000000000000000000000000000001100000000000000000000000
    5104 00000000000000000000000000000000000000000000010100000000000000000000000000000000000000000000000000000000100000000000000000000000
    5120 00000000000000000000000000000000000000000000000110000000000000000000000000000000000000000000000000000000000000000000011000000000
    5136 00000000000000000000000000000000000000000000000010000000000000000000000000000000000000000000000000000000000000000000000110000000
    5152 00000000000000000000000000000000000000000000000000000000000001110000000000000000000000000000000000000000000000000000000010000000
    5168 00000000000000000000000000000000000000000000000000000000000000101000000000000000000000000000000000000000000000000000000000000000
    5184 10000000000000000000000000000000000000000000000000000000000000000111110100000001000000000000000000000000000000000000000000000000
    5200 00000011000000000000000000000000000000000000000000000000000000000000000000001000000000000000000000000000000000000000000000000000
    5216 00000000100100000000000000000000000000000000000000000000000000000000000000000011000000010000000000000000000000000000000000000000
    5232 00000000000000000000100100000000000000000000000000000000000000000000000000000000100100010000000000000000000000000000000000000000
    5248 00000000000000000000001010010000000000000000000000000000000000000000000000000000000000001001000100000000000000000000000000000000
    5264 00000000000000000000000010010010000000000000000000000000000000000000000000000000000000000000001100000010000000000000000000000000
    5280 00000000000000000000000000000000000010100000000000000000000000000000000000000000000000000000000010010011000000000000000000000000
    5296 00000000000000000000000000000000000000101001001000000000000000000000000000000000000000000000000000000000100100110000000000000000
    5312 00000000000000000000000000000000000000001001010000000000000000000000000000000000000000000000000000000000000000110000001100000000
    5328 00000000000000000000000000000000000000000000000000001011000000000000000000000000000000000000000000000000000000001001010100000000
    5344 00000000000000000000000000000000000000000000000000000010100101000000000000000000000000000000000000000000000000000000000010010101
    5360 00000000000000000000000000000000000000000000000000000000100101100000000000000000000000000000000000000000000000000000000000000011
    5376 00000100000000000000000000000000000000000000000000000000000000000000110000000000000000000000000000000000000000000000000000000000
    5392 10010111000000000000000000000000000000000000000000000000000000000000001010010110000000000000000000000000000000000000000000000000
    5408 00000000100101110000000000000000000000000000000000000000000000000000000010011000000000000000000000000000000000000000000000000000
    5424 00000000000000110000010100000000000000000000000000000000000000000000000000000000000011010000000000000000000000000000000000000000
    5440 00000000000000001001100100000000000000000000000000000000000000000000000000000000000000101001100000000000000000000000000000000000
    5456 00000000000000000000000010011001000000000000000000000000000000000000000000000000000000001001101000000000000000000000000000000000
    5472 00000000000000000000000000000011000001100000000000000000000000000000000000000000000000000000000000001110000000000000000000000000
    5488 00000000000000000000000000000000100110110000000000000000000000000000000000000000000000000000000000000010100110100000000000000000
    5504 00000000000000000000000000000000000000001001101100000000000000000000000000000000000000000000000000000000100111000000000000000000
    5520 00000000000000000000000000000000000000000000001100000111000000000000000000000000000000000000000000000000000000000000111100000000
    5536 00000000000000000000000000000000000000000000000010011101000000000000000000000000000000000000000000000000000000000000001010011100
    5552 00000000000000000000000000000000000000000000000000000000100111010000000000000000000000000000000000000000000000000000000010011110
    5568 00000000000000000000000000000000000000000000000000000000000000101001111000000000000000000000000000000000000000000000000000000000
    5584 10011110000000000000000000000000000000000000000000000000000000000111111000000001000000000000000000000000000000000000000000000000
    5600 00000010000000000000000000000000000000000000000000000000000000000000000000000000000000000000000000000000000000000000000000000000
    5616 00000000000010000000000000000000000000000000000000000000000000000000000000000010000000010000000000000000000000000000000000000000
    5632 00000000000000000000000100000000000000000000000000000000000000000000000000000000000010010000000000000000000000000000000000000000
    5648 00000000000000000000001000000010000000000000000000000000000000000000000000000000000000000000001000000000000000000000000000000000
    5664 00000000000000000000000000001010000000000000000000000000000000000000000000000000000000000000001000000011000000000000000000000000
    5680 00000000000000000000000000000000000000110000000000000000000000000000000000000000000000000000000000001011000000000000000000000000
    5696 00000000000000000000000000000000000000100000010000000000000000000000000000000000000000000000000000000000000001000000000000000000
    5712 00000000000000000000000000000000000000000000110000000000000000000000000000000000000000000000000000000000000000100000010100000000
    5728 00000000000000000000000000000000000000000000000000000101000000000000000000000000000000000000000000000000000000000000110100000000
    5744 00000000000000000000000000000000000000000000000000000010000001100000000000000000000000000000000000000000000000000000000000000110
    5760 00000000000000000000000000000000000000000000000000000000000011100000000000000000000000000000000000000000000000000000000000000010
    5776 00000111000000000000000000000000000000000000000000000000000000000000011100000000000000000000000000000000000000000000000000000000
    5792 00001111000000000000000000000000000000000000000000000000000000000111000000000001000000000000000001110001000000010000000000000000
    5808 01110010000000010000000000000000011100110000000100000000000000000111010000000001000000000000000001110101000000010000000000000000
    5824 01110110000000010000000000000000011101110000000100000000000000000111100000000001000000000000000001111001000000010000000000000000
    5840 01111010000000010000000000000000011110110000000100000000000000000111110000000001000000000000000001111101000000010000000000000000
    5856 01111110000000010000000000000000
