######## C:\Users\lucys\Desktop\WEATHER\weather.mno ########
PATH C:\Users\lucys\Desktop\WEATHER\weather.mno
SIZE 885346
SHA256 d8a8fc668c57a09c882a3e1c23a1015f6901a556ddb46f5e2a90ca2d62c619cb
MAGIC_ASCII WEATHER1
MAGIC_WEATHER1 True
HDR_n_gate 34048 n_wire 34050 n_in 2048 n_out 2048 depth 292
HDR_W 16 H 16 CELL_BITS 8 STRIDE 25
HDR_wire_base 96 cell_base 98
HDR_60_95_ALL_ZERO True
HDR_AS_V2_ring_base 0 n_rings 0 cells_per 0
gate_base 34146 SIZE_EXPECT 885346 SIZE_EQ True
TRAILING 0
FIELD_OFF 98 FIELD_LEN 2048
FIELD_ONES 671 FIELD_ZEROS 1377
FIELD_NOT_01 0
FIELD_SHA256 b16ce6bae213a5f20e5f7d0508a22d9245a8faef904047513781786583bb1b9c
== FILE FIELD as it lies (not host nxt) ==
00000000 00000000 00000000 00000000 00000000 00000000 00000000 00000000 00000000 00000000 00000000 00000000 00000000 00000000 00000000 00000000
00000000 00000000 00000000 00000000 00000000 01000111 10000111 00000111 11111011 01111011 10111011 00000000 00000000 00000000 00000000 00000000
00000000 00000000 00000000 00100111 11000111 00000000 00111101 11011101 01011101 10011101 00000000 00111011 00000000 00000000 00000000 00000000
00000000 00000000 00000000 10100111 01111101 10111101 00000000 10111001 00111001 00000000 00011101 00000000 11011011 00000000 00000000 00000000
00000000 11100111 01100111 00000011 11111101 11111001 01111001 00000000 00000000 11011001 01011001 11101101 00000000 01011011 00000000 00000000
00000000 00010111 00000000 10000011 00000101 10000011 01100001 10100001 00100001 11000001 10011001 00011001 01101101 10011011 00000000 00000000
00000000 10010111 01000011 10000101 00000000 00010001 00000000 11111111 11111111 00000000 01000001 11101001 10101101 00000000 00011011 00000000
00000000 01010111 11000011 01000101 10010001 00000000 11111111 11111111 11111111 11111111 10000001 01101001 00000000 00101101 11101011 00000000
00000000 11010111 00100011 11000101 01010001 00000000 00000000 11111111 11111111 00000000 00000001 10101001 01001101 11001101 01101011 11111111
00000000 00110111 10100011 00100101 11010001 00110001 00000000 00000000 11111111 00000000 11111110 00101001 10001101 00101011 10101011 01111111
00000000 10110111 01100011 00000000 10100101 10110001 01110001 11011110 00111110 10111110 11001001 11110101 00001101 11001011 00000000 10111111
00000000 00000000 01110111 11100011 01100101 11100101 11110001 00001001 10001001 01001001 10110101 01110101 00000000 01001011 00111111 00000000
00000000 00000000 11110111 00000000 00010011 00000000 00010101 10010101 01010101 11010101 00110101 00001011 10001011 00000000 11011111 00000000
00000000 00000000 00000000 00001111 10010011 01010011 11010011 00110011 10110011 01110011 11110011 00000000 10011111 01011111 00000000 00000000
00000000 00000000 00000000 00000000 10001111 01001111 11001111 00000000 00000000 00000000 11101111 00011111 00000000 00000000 00000000 00000000
00000000 00000000 00000000 00000000 00000000 00000000 00000000 00101111 10101111 01101111 00000000 00000000 00000000 00000000 00000000 00000000
kite1 r6c7 11111111 eight1=True
kite1 r6c8 11111111 eight1=True
kite1 r7c6 11111111 eight1=True
kite1 r7c7 11111111 eight1=True
kite1 r7c8 11111111 eight1=True
kite1 r7c9 11111111 eight1=True
kite1 r8c7 11111111 eight1=True
kite1 r8c8 11111111 eight1=True
kite1 r9c8 11111111 eight1=True
kite0 r6c6 00000000 eight0=True
kite0 r6c9 00000000 eight0=True
kite0 r8c6 00000000 eight0=True
kite0 r8c9 00000000 eight0=True
kite0 r9c6 00000000 eight0=True
kite0 r9c7 00000000 eight0=True
kite0 r9c9 00000000 eight0=True
KITE_IN_BYTES True ones 9 zeros 7
CAIRN_r5c5 10000011 0xc1 eq_0xC1 True
STORED_EQ_GENESIS_PLUS_KITE_MARK True
STORED_EQ_RAW_GENESIS False
CELLS_CHANGED_FROM_GENESIS 17
CHANGED [(5, 5, 135, 193), (6, 6, 140, 0), (6, 7, 214, 255), (6, 8, 172, 255), (6, 9, 181, 0), (7, 6, 2, 255), (7, 7, 70, 255), (7, 8, 16, 255), (7, 9, 10, 255), (8, 6, 199, 0), (8, 7, 6, 255), (8, 8, 79, 255), (8, 9, 98, 0), (9, 6, 220, 0), (9, 7, 189, 0), (9, 8, 84, 255), (9, 9, 252, 0)]
N_GATE_RECORDS 34048
OPS_NAMED {'AND': 12800, 'OR': 8448, 'XOR': 12800}
UNKNOWN_OP 0
ONE_WRITER True
OUT_OUTSIDE_WIRES 0
state_lo 2 state_hi 2050 WIRES_AFTER_FIELD 32000
STATE_WRITTEN 2048 of 2048
SELFCLOCK_OR_TO_STATE 2048
SELFCLOCK_AND_TO_STATE 0
STATE_WRITE_HOLD_out_eq_in 0
STATE_WRITE_FROM_TEMP_ONLY 2048
RINGLIKE_OR_ID_TO_NONFIELD 0
AND_TWO_NONFIELD 7936
HEADER_NAMES_RINGS False
RING_RECORDS_IN_FILE False
ENABLE_RECORDS_IN_FILE False
RINGS_IN_FILE False
FILE_AFTER_FIRE NOT_TAKEN_NO_FIRE
DONE weather.mno

######## C:\Users\lucys\Desktop\WEATHER\weather_v0_badseed.mno ########
PATH C:\Users\lucys\Desktop\WEATHER\weather_v0_badseed.mno
SIZE 885346
SHA256 b9b5e2881811edbb540aff91badc2e287d0b345f99e896957179b997babdd900
MAGIC_ASCII WEATHER1
MAGIC_WEATHER1 True
HDR_n_gate 34048 n_wire 34050 n_in 2048 n_out 2048 depth 292
HDR_W 16 H 16 CELL_BITS 8 STRIDE 25
HDR_wire_base 96 cell_base 98
HDR_60_95_ALL_ZERO True
HDR_AS_V2_ring_base 0 n_rings 0 cells_per 0
gate_base 34146 SIZE_EXPECT 885346 SIZE_EQ True
TRAILING 0
FIELD_OFF 98 FIELD_LEN 2048
FIELD_ONES 1015 FIELD_ZEROS 1033
FIELD_NOT_01 0
FIELD_SHA256 47fb6195ae59b6e3e27285eb6cb97554b5523e0e05b3dc794110c12801849a87
== FILE FIELD as it lies (not host nxt) ==
10111001 10101101 10001000 01000111 11011100 00010101 00100100 00110100 01010101 01100111 00100010 01100110 00111001 01110111 11101001 01101010
10001101 01110110 00001110 00000110 10001011 01010011 01100100 11001111 00100101 11111111 00111110 00000011 01001011 01111011 10100110 00010000
00111001 10110101 10001110 00111011 10010110 10100010 10001010 00110011 00101010 11111101 11010111 01011001 00011101 00100001 00001000 01110100
00111111 01111001 10101011 11011101 11100101 10001001 11100100 00100010 01100101 00100000 11100101 11010001 11010100 11101011 11011001 00101011
10000010 01111010 10110110 00011101 10100101 11110111 11010100 01010100 11100110 11001001 11011000 01101110 10010001 11010101 01111110 11100110
00110101 00100000 10100100 11111110 11010000 01100111 00011110 10011101 11111000 10100010 10000001 11001000 00110011 10101001 00011011 10000010
10000110 01001111 10101101 00001111 11000011 11110010 01111000 01000010 11101000 00101010 11110100 00001000 00111110 11011111 00110100 01010111
00000010 00001101 11100000 10010001 01101100 11011001 10011110 10011111 01000111 01011000 11101011 10010101 10010100 10010011 00100101 10011101
00100111 10001001 01111110 00101000 00011011 10110101 10111101 10010011 11101010 10100101 11100110 01110011 01111000 11010100 11111011 00000111
01000000 11101000 11110111 01010010 10010101 10000010 10001010 00011101 11000100 00001000 01100111 01110101 00110111 11100101 11010000 01011111
01110001 01111000 01010001 11010111 00001100 10100110 00111110 00100100 00100110 01101100 01010010 00010000 11100000 01000011 10000000 00011110
00111111 10111011 01111100 10001001 01101101 01100101 01001111 00101100 10111100 10001101 00000000 11100110 10000100 00100000 11000101 00001111
10100000 00001101 00101000 11101010 11110111 00100100 10011011 00011110 01100111 00000011 00000001 11001101 11001100 00000001 11110100 01111010
10111110 10000010 10011110 00111111 01110100 11011110 00111110 10101101 00101101 00011100 10111001 10101000 10001110 00111110 00101011 00101010
10000100 00001100 11111011 01100111 01000001 01100011 11001100 11000101 10111001 01001110 11010010 10100100 11011011 00000111 01001001 00001000
11011110 11011000 00110101 01000010 10101000 01001101 00000010 10000110 11101101 10011011 11011101 11001001 01110011 10111111 00011001 00010110
kite1 r6c7 01000010 eight1=False
kite1 r6c8 11101000 eight1=False
kite1 r7c6 10011110 eight1=False
kite1 r7c7 10011111 eight1=False
kite1 r7c8 01000111 eight1=False
kite1 r7c9 01011000 eight1=False
kite1 r8c7 10010011 eight1=False
kite1 r8c8 11101010 eight1=False
kite1 r9c8 11000100 eight1=False
kite0 r6c6 01111000 eight0=False
kite0 r6c9 00101010 eight0=False
kite0 r8c6 10111101 eight0=False
kite0 r8c9 10100101 eight0=False
kite0 r9c6 10001010 eight0=False
kite0 r9c7 00011101 eight0=False
kite0 r9c9 00001000 eight0=False
KITE_IN_BYTES False ones 0 zeros 0
CAIRN_r5c5 01100111 0xe6 eq_0xC1 False
STORED_EQ_GENESIS_PLUS_KITE_MARK False
STORED_EQ_RAW_GENESIS False
CELLS_CHANGED_FROM_GENESIS 256
CHANGED [(0, 0, 0, 157), (0, 1, 0, 181), (0, 2, 0, 17), (0, 3, 0, 226), (0, 4, 0, 59), (0, 5, 0, 168), (0, 6, 0, 36), (0, 7, 0, 44), (0, 8, 0, 170), (0, 9, 0, 230), (0, 10, 0, 68), (0, 11, 0, 102), (0, 12, 0, 156), (0, 13, 0, 238), (0, 14, 0, 151), (0, 15, 0, 86), (1, 0, 0, 177), (1, 1, 0, 110), (1, 2, 0, 112), (1, 3, 0, 96), (1, 4, 0, 209), (1, 5, 226, 202), (1, 6, 225, 38), (1, 7, 224, 243), (1, 8, 223, 164), (1, 9, 222, 255), (1, 10, 221, 124), (1, 11, 0, 192), (1, 12, 0, 210), (1, 13, 0, 222), (1, 14, 0, 101), (1, 15, 0, 8), (2, 0, 0, 156), (2, 1, 0, 173), (2, 2, 0, 113), (2, 3, 228, 220), (2, 4, 227, 105), (2, 5, 0, 69), (2, 6, 188, 81), (2, 7, 187, 204), (2, 8, 186, 84), (2, 9, 185, 191), (2, 10, 0, 235), (2, 11, 220, 154), (2, 12, 0, 184), (2, 13, 0, 132), (2, 14, 0, 16), (2, 15, 0, 46), (3, 0, 0, 252), (3, 1, 0, 158), (3, 2, 0, 213), (3, 3, 229, 187), (3, 4, 190, 167), (3, 5, 189, 145), (3, 6, 0, 39), (3, 7, 157, 68), (3, 8, 156, 166), (3, 9, 0, 4), (3, 10, 184, 167), (3, 11, 0, 139), (3, 12, 219, 43), (3, 13, 0, 215), (3, 14, 0, 155), (3, 15, 0, 212), (4, 0, 0, 65), (4, 1, 231, 94), (4, 2, 230, 109), (4, 3, 192, 184), (4, 4, 191, 165), (4, 5, 159, 239), (4, 6, 158, 43), (4, 7, 0, 42), (4, 8, 0, 103), (4, 9, 155, 147), (4, 10, 154, 27), (4, 11, 183, 118), (4, 12, 0, 137), (4, 13, 218, 171), (4, 14, 0, 126), (4, 15, 0, 103), (5, 0, 0, 172), (5, 1, 232, 4), (5, 2, 0, 37), (5, 3, 193, 127), (5, 4, 160, 11), (5, 5, 135, 230), (5, 6, 134, 120), (5, 7, 133, 185), (5, 8, 132, 31), (5, 9, 131, 69), (5, 10, 153, 129), (5, 11, 152, 19), (5, 12, 182, 204), (5, 13, 217, 149), (5, 14, 0, 216), (5, 15, 0, 65), (6, 0, 0, 97), (6, 1, 233, 242), (6, 2, 194, 181), (6, 3, 161, 240), (6, 4, 0, 195), (6, 5, 136, 79), (6, 6, 140, 30), (6, 7, 214, 66), (6, 8, 172, 23), (6, 9, 181, 84), (6, 10, 130, 47), (6, 11, 151, 16), (6, 12, 181, 124), (6, 13, 0, 251), (6, 14, 216, 44), (6, 15, 0, 234), (7, 0, 0, 64), (7, 1, 234, 176), (7, 2, 195, 7), (7, 3, 162, 137), (7, 4, 137, 54), (7, 5, 0, 155), (7, 6, 2, 121), (7, 7, 70, 249), (7, 8, 16, 226), (7, 9, 10, 26), (7, 10, 129, 215), (7, 11, 150, 169), (7, 12, 0, 41), (7, 13, 180, 201), (7, 14, 215, 164), (7, 15, 0, 185), (8, 0, 0, 228), (8, 1, 235, 145), (8, 2, 196, 126), (8, 3, 163, 20), (8, 4, 138, 216), (8, 5, 0, 173), (8, 6, 199, 189), (8, 7, 6, 201), (8, 8, 79, 87), (8, 9, 98, 165), (8, 10, 128, 103), (8, 11, 149, 206), (8, 12, 178, 30), (8, 13, 179, 43), (8, 14, 214, 223), (8, 15, 255, 224), (9, 0, 0, 2), (9, 1, 236, 23), (9, 2, 197, 239), (9, 3, 164, 74), (9, 4, 139, 169), (9, 5, 140, 65), (9, 6, 220, 81), (9, 7, 189, 184), (9, 8, 84, 35), (9, 9, 252, 16), (9, 10, 127, 230), (9, 11, 148, 174), (9, 12, 177, 236), (9, 13, 212, 167), (9, 14, 213, 11), (9, 15, 254, 250), (10, 0, 0, 142), (10, 1, 237, 30), (10, 2, 198, 138), (10, 3, 0, 235), (10, 4, 165, 48), (10, 5, 141, 101), (10, 6, 142, 124), (10, 7, 123, 36), (10, 8, 124, 100), (10, 9, 125, 54), (10, 10, 147, 74), (10, 11, 175, 8), (10, 12, 176, 7), (10, 13, 211, 194), (10, 14, 0, 1), (10, 15, 253, 120), (11, 0, 0, 252), (11, 1, 0, 221), (11, 2, 238, 62), (11, 3, 199, 145), (11, 4, 166, 182), (11, 5, 167, 166), (11, 6, 143, 242), (11, 7, 144, 52), (11, 8, 145, 61), (11, 9, 146, 177), (11, 10, 173, 0), (11, 11, 174, 103), (11, 12, 0, 33), (11, 13, 210, 4), (11, 14, 252, 163), (11, 15, 0, 240), (12, 0, 0, 5), (12, 1, 0, 176), (12, 2, 239, 20), (12, 3, 0, 87), (12, 4, 200, 239), (12, 5, 0, 36), (12, 6, 168, 217), (12, 7, 169, 120), (12, 8, 170, 230), (12, 9, 171, 192), (12, 10, 172, 128), (12, 11, 208, 179), (12, 12, 209, 51), (12, 13, 0, 128), (12, 14, 251, 47), (12, 15, 0, 94), (13, 0, 0, 125), (13, 1, 0, 65), (13, 2, 0, 121), (13, 3, 240, 252), (13, 4, 201, 46), (13, 5, 202, 123), (13, 6, 203, 124), (13, 7, 204, 181), (13, 8, 205, 180), (13, 9, 206, 56), (13, 10, 207, 157), (13, 11, 0, 21), (13, 12, 249, 113), (13, 13, 250, 124), (13, 14, 0, 212), (13, 15, 0, 84), (14, 0, 0, 33), (14, 1, 0, 48), (14, 2, 0, 223), (14, 3, 0, 230), (14, 4, 241, 130), (14, 5, 242, 198), (14, 6, 243, 51), (14, 7, 0, 163), (14, 8, 0, 157), (14, 9, 0, 114), (14, 10, 247, 75), (14, 11, 248, 37), (14, 12, 0, 219), (14, 13, 0, 224), (14, 14, 0, 146), (14, 15, 0, 16), (15, 0, 0, 123), (15, 1, 0, 27), (15, 2, 0, 172), (15, 3, 0, 66), (15, 4, 0, 21), (15, 5, 0, 178), (15, 6, 0, 64), (15, 7, 244, 97), (15, 8, 245, 183), (15, 9, 246, 217), (15, 10, 0, 187), (15, 11, 0, 147), (15, 12, 0, 206), (15, 13, 0, 253), (15, 14, 0, 152), (15, 15, 0, 104)]
N_GATE_RECORDS 34048
OPS_NAMED {'AND': 12800, 'OR': 8448, 'XOR': 12800}
UNKNOWN_OP 0
ONE_WRITER True
OUT_OUTSIDE_WIRES 0
state_lo 2 state_hi 2050 WIRES_AFTER_FIELD 32000
STATE_WRITTEN 2048 of 2048
SELFCLOCK_OR_TO_STATE 2048
SELFCLOCK_AND_TO_STATE 0
STATE_WRITE_HOLD_out_eq_in 0
STATE_WRITE_FROM_TEMP_ONLY 2048
RINGLIKE_OR_ID_TO_NONFIELD 0
AND_TWO_NONFIELD 7936
HEADER_NAMES_RINGS False
RING_RECORDS_IN_FILE False
ENABLE_RECORDS_IN_FILE False
RINGS_IN_FILE False
FILE_AFTER_FIRE NOT_TAKEN_NO_FIRE
DONE weather_v0_badseed.mno

######## C:\Users\lucys\Desktop\WEATHER\weather_v2.mno ########
FILE_ABSENT C:\Users\lucys\Desktop\WEATHER\weather_v2.mno

######## C:\Users\lucys\Desktop\WEATHER\weather_powered.mno ########
FILE_ABSENT C:\Users\lucys\Desktop\WEATHER\weather_powered.mno

######## C:\Users\lucys\Desktop\WEATHER\weather_v1.mno ########
PATH C:\Users\lucys\Desktop\WEATHER\weather_v1.mno
SIZE 885346
SHA256 d8a8fc668c57a09c882a3e1c23a1015f6901a556ddb46f5e2a90ca2d62c619cb
MAGIC_ASCII WEATHER1
MAGIC_WEATHER1 True
HDR_n_gate 34048 n_wire 34050 n_in 2048 n_out 2048 depth 292
HDR_W 16 H 16 CELL_BITS 8 STRIDE 25
HDR_wire_base 96 cell_base 98
HDR_60_95_ALL_ZERO True
HDR_AS_V2_ring_base 0 n_rings 0 cells_per 0
gate_base 34146 SIZE_EXPECT 885346 SIZE_EQ True
TRAILING 0
FIELD_OFF 98 FIELD_LEN 2048
FIELD_ONES 671 FIELD_ZEROS 1377
FIELD_NOT_01 0
FIELD_SHA256 b16ce6bae213a5f20e5f7d0508a22d9245a8faef904047513781786583bb1b9c
== FILE FIELD as it lies (not host nxt) ==
00000000 00000000 00000000 00000000 00000000 00000000 00000000 00000000 00000000 00000000 00000000 00000000 00000000 00000000 00000000 00000000
00000000 00000000 00000000 00000000 00000000 01000111 10000111 00000111 11111011 01111011 10111011 00000000 00000000 00000000 00000000 00000000
00000000 00000000 00000000 00100111 11000111 00000000 00111101 11011101 01011101 10011101 00000000 00111011 00000000 00000000 00000000 00000000
00000000 00000000 00000000 10100111 01111101 10111101 00000000 10111001 00111001 00000000 00011101 00000000 11011011 00000000 00000000 00000000
00000000 11100111 01100111 00000011 11111101 11111001 01111001 00000000 00000000 11011001 01011001 11101101 00000000 01011011 00000000 00000000
00000000 00010111 00000000 10000011 00000101 10000011 01100001 10100001 00100001 11000001 10011001 00011001 01101101 10011011 00000000 00000000
00000000 10010111 01000011 10000101 00000000 00010001 00000000 11111111 11111111 00000000 01000001 11101001 10101101 00000000 00011011 00000000
00000000 01010111 11000011 01000101 10010001 00000000 11111111 11111111 11111111 11111111 10000001 01101001 00000000 00101101 11101011 00000000
00000000 11010111 00100011 11000101 01010001 00000000 00000000 11111111 11111111 00000000 00000001 10101001 01001101 11001101 01101011 11111111
00000000 00110111 10100011 00100101 11010001 00110001 00000000 00000000 11111111 00000000 11111110 00101001 10001101 00101011 10101011 01111111
00000000 10110111 01100011 00000000 10100101 10110001 01110001 11011110 00111110 10111110 11001001 11110101 00001101 11001011 00000000 10111111
00000000 00000000 01110111 11100011 01100101 11100101 11110001 00001001 10001001 01001001 10110101 01110101 00000000 01001011 00111111 00000000
00000000 00000000 11110111 00000000 00010011 00000000 00010101 10010101 01010101 11010101 00110101 00001011 10001011 00000000 11011111 00000000
00000000 00000000 00000000 00001111 10010011 01010011 11010011 00110011 10110011 01110011 11110011 00000000 10011111 01011111 00000000 00000000
00000000 00000000 00000000 00000000 10001111 01001111 11001111 00000000 00000000 00000000 11101111 00011111 00000000 00000000 00000000 00000000
00000000 00000000 00000000 00000000 00000000 00000000 00000000 00101111 10101111 01101111 00000000 00000000 00000000 00000000 00000000 00000000
kite1 r6c7 11111111 eight1=True
kite1 r6c8 11111111 eight1=True
kite1 r7c6 11111111 eight1=True
kite1 r7c7 11111111 eight1=True
kite1 r7c8 11111111 eight1=True
kite1 r7c9 11111111 eight1=True
kite1 r8c7 11111111 eight1=True
kite1 r8c8 11111111 eight1=True
kite1 r9c8 11111111 eight1=True
kite0 r6c6 00000000 eight0=True
kite0 r6c9 00000000 eight0=True
kite0 r8c6 00000000 eight0=True
kite0 r8c9 00000000 eight0=True
kite0 r9c6 00000000 eight0=True
kite0 r9c7 00000000 eight0=True
kite0 r9c9 00000000 eight0=True
KITE_IN_BYTES True ones 9 zeros 7
CAIRN_r5c5 10000011 0xc1 eq_0xC1 True
STORED_EQ_GENESIS_PLUS_KITE_MARK True
STORED_EQ_RAW_GENESIS False
CELLS_CHANGED_FROM_GENESIS 17
CHANGED [(5, 5, 135, 193), (6, 6, 140, 0), (6, 7, 214, 255), (6, 8, 172, 255), (6, 9, 181, 0), (7, 6, 2, 255), (7, 7, 70, 255), (7, 8, 16, 255), (7, 9, 10, 255), (8, 6, 199, 0), (8, 7, 6, 255), (8, 8, 79, 255), (8, 9, 98, 0), (9, 6, 220, 0), (9, 7, 189, 0), (9, 8, 84, 255), (9, 9, 252, 0)]
N_GATE_RECORDS 34048
OPS_NAMED {'AND': 12800, 'OR': 8448, 'XOR': 12800}
UNKNOWN_OP 0
ONE_WRITER True
OUT_OUTSIDE_WIRES 0
state_lo 2 state_hi 2050 WIRES_AFTER_FIELD 32000
STATE_WRITTEN 2048 of 2048
SELFCLOCK_OR_TO_STATE 2048
SELFCLOCK_AND_TO_STATE 0
STATE_WRITE_HOLD_out_eq_in 0
STATE_WRITE_FROM_TEMP_ONLY 2048
RINGLIKE_OR_ID_TO_NONFIELD 0
AND_TWO_NONFIELD 7936
HEADER_NAMES_RINGS False
RING_RECORDS_IN_FILE False
ENABLE_RECORDS_IN_FILE False
RINGS_IN_FILE False
FILE_AFTER_FIRE NOT_TAKEN_NO_FIRE
DONE weather_v1.mno

