WEATHER - SURFACE TURN 001 - RAW BITS (1s and 0s, as they lie in the file)
container sha256 d8a8fc668c57a09c882a3e1c23a1015f6901a556ddb46f5e2a90ca2d62c619cb
state region: 2048 bit-bytes @ file offset 98. depth 292 TICKS.

== BEFORE - file order, 16 rows x 16 cells x 8 bits (LSB first per cell) ==
00000000 00000000 00000000 00000000 00000000 00000000 00000000 00000000 00000000 00000000 00000000 00000000 00000000 00000000 00000000 00000000
00000000 00000000 00000000 00000000 00000000 01000111 10000111 00000111 11111011 01111011 10111011 00000000 00000000 00000000 00000000 00000000
00000000 00000000 00000000 00100111 11000111 00000000 00111101 11011101 01011101 10011101 00000000 00111011 00000000 00000000 00000000 00000000
00000000 00000000 00000000 10100111 01111101 10111101 00000000 10111001 00111001 00000000 00011101 00000000 11011011 00000000 00000000 00000000
00000000 11100111 01100111 00000011 11111101 11111001 01111001 00000000 00000000 11011001 01011001 11101101 00000000 01011011 00000000 00000000
00000000 00010111 00000000 10000011 00000101 10000011 01100001 10100001 00100001 11000001 10011001 00011001 01101101 10011011 00000000 00000000
00000000 10010111 01000011 10000101 00000000 00010001 00000000 11111111 11111111 00000000 01000001 11101001 10101101 00000000 00011011 00000000
00000000 01010111 11000011 01000101 10010001 00000000 11111111 11111111 11111111 11111111 10000001 01101001 00000000 00101101 11101011 00000000
00000000 11010111 00100011 11000101 01010001 00000000 00000000 11111111 11111111 00000000 00000001 10101001 01001101 11001101 01101011 11111111
00000000 00110111 10100011 00100101 11010001 00110001 00000000 00000000 11111111 00000000 11111110 00101001 10001101 00101011 10101011 01111111
00000000 10110111 01100011 00000000 10100101 10110001 01110001 11011110 00111110 10111110 11001001 11110101 00001101 11001011 00000000 10111111
00000000 00000000 01110111 11100011 01100101 11100101 11110001 00001001 10001001 01001001 10110101 01110101 00000000 01001011 00111111 00000000
00000000 00000000 11110111 00000000 00010011 00000000 00010101 10010101 01010101 11010101 00110101 00001011 10001011 00000000 11011111 00000000
00000000 00000000 00000000 00001111 10010011 01010011 11010011 00110011 10110011 01110011 11110011 00000000 10011111 01011111 00000000 00000000
00000000 00000000 00000000 00000000 10001111 01001111 11001111 00000000 00000000 00000000 11101111 00011111 00000000 00000000 00000000 00000000
00000000 00000000 00000000 00000000 00000000 00000000 00000000 00101111 10101111 01101111 00000000 00000000 00000000 00000000 00000000 00000000

== AFTER one settle - file order ==
00000000 00000000 00000000 00000000 00000000 00011100 00011100 10101110 10101110 10101110 11101100 00000000 00000000 00000000 00000000 00000000
00000000 00000000 00000000 10011100 10001110 00011100 11111001 01111001 01111001 10111001 11101100 01110110 00000000 00000000 00000000 00000000
00000000 00000000 10011100 01001110 00010110 11110011 11100110 00111101 11011101 01100110 01010011 00000000 10110110 00000000 00000000 00000000
00000000 10011100 01001110 00011001 10001011 11101010 10110101 10101010 10101010 01010101 01100100 10010011 00000000 10110110 00000000 00000000
10011100 11001110 10010110 01001011 11110101 01101101 10010010 00001110 01110110 11100010 00010101 00110010 00010011 01101100 01101100 00000000
01011100 00101110 00101011 00000001 00001001 11001001 10011110 01000001 10000001 01110110 10110001 11100101 10010001 00100110 00110110 00000000
01011100 10100101 11001001 10010001 00101001 00001100 11000011 00000101 00000101 00000011 00110110 10011001 11001010 01100011 10101100 01101100
01011100 10100101 00100011 00100101 11010010 00100001 11111100 11111111 11111111 00000110 10100101 11010110 00110101 01000110 00011001 10101110
01011110 01100101 10100011 10100101 10110110 10100010 11111110 11111110 11111101 11111001 10100110 11101001 01111110 00100011 11101011 10101110
01011110 11100101 01100011 00111110 11101001 01100010 01100010 01111001 01111010 01111110 10010110 10111001 01001101 11000011 01010101 00101101
01011110 00110110 00010101 10101101 11110110 10011001 10100110 01100110 01000101 00010110 01101001 10000101 00110001 10101001 00010111 11111100
00000000 01101110 11111001 10100110 01101101 00001110 11011001 10001001 01001001 10011001 11111001 11010001 00000011 11001110 11001110 01111110
00000000 11011100 11011100 11011011 11011010 00011101 00000001 11010101 00110101 10110101 10111101 01010001 01001110 01100111 11111100 01111100
00000000 00000000 11101110 01001100 00111011 10000101 00110011 00001001 10001001 10001001 00111001 00100111 01001110 01111100 10111110 00000000
00000000 00000000 00000000 00011110 01110110 11010101 11110110 00110101 00001110 01110101 10001110 10111100 00111110 01111100 00000000 00000000
00000000 00000000 00000000 00000000 00111100 00111100 10011110 10111100 01011110 10111100 11011110 01111100 00000000 00000000 00000000 00000000

== BEFORE - bit planes ==
plane 0 (weight 1):
0000000000000000
0000001010100000
0000100101000000
0001010100001000
0100110001010000
0001010101100100
0101000110011000
0010101111100010
0101000110010101
0010100010101010
0100110101110101
0001011010100000
0010000101001010
0000101010101000
0000101000100000
0000000010000000

plane 1 (weight 2):
0000000000000000
0000010011000000
0000100110000000
0000100000001000
0110111001110100
0000001001001000
0010000110110000
0111001111010010
0101100110001111
0000100010100001
0010001100110100
0011111001010100
0010000011000010
0000011001100100
0000011000100000
0000000001000000

plane 2 (weight 4):
0000000000000000
0000000011100000
0001001000010000
0001110110000000
0110111000010000
0000001110001000
0000000110011000
0000001111010110
0010000110010011
0111010010110111
0110111011010001
0011111000110010
0010000000100000
0000000111100000
0000000000100000
0000000111000000

plane 3 (weight 8):
0000000000000000
0000000011100000
0000001111010000
0000110110101000
0000111001100100
0100000000110100
0100010110000010
0100101111000000
0100100110000001
0100110010100001
0100011111010001
0010001000110010
0010101111100010
0000111111101100
0000000000010000
0000000000000000

plane 4 (weight 16):
0000000000000000
0000000011100000
0000001111010000
0000110110101000
0000111001110100
0000000000111100
0000000110011010
0000001111010110
0000000110011111
0000000010111111
0000000111101101
0000000111000110
0000000000011010
0001000000001100
0000111000110000
0000000111000000

plane 5 (weight 32):
0000000000000000
0000011100000000
0001101111000000
0001110000100000
0110100000010000
0100100000001000
0101000110001000
0101001111000100
0101000110001101
0101000010101001
0100100111011001
0010110000110010
0010001111100010
0001000000001100
0000111000110000
0000000111000000

plane 6 (weight 64):
0000000000000000
0000011111100000
0001100000010000
0001000000001000
0111000000000100
0101010000000100
0110000110000010
0110001111000010
0110000110000011
0110000010100111
0110000111000101
0011000000000110
0010100000011010
0001111111101100
0000111000110000
0000000111000000

plane 7 (weight 128):
0000000000000000
0000011111100000
0001101111010000
0001110110101000
0111111001110100
0101111111111100
0111010110111010
0111101111110110
0111100110111111
0111110010011111
0110111000111101
0011111111110110
0010101111111010
0001111111101100
0000111000110000
0000000111000000

== AFTER - bit planes ==
plane 0 (weight 1):
0000000111100000
0001101001100000
0010011010001000
0100111110010100
1110101001000000
0000011010111000
0111001000011010
0100101110110001
0011111111110011
0100100000110100
0001111000010101
0011001101110110
0111100101100010
0010010011000010
0000011000110000
0000001101100000

plane 1 (weight 2):
0000000000100000
0000001110110000
0001011011100000
0010010001100000
0101110011000110
1000010101010000
1010001000001101
1000101110010100
1100001111011010
1110111111001110
1000100110100001
0110101010110111
0111100100011111
0011000000001100
0000111001000100
0000000010110000

plane 2 (weight 4):
0000000111100000
0000001111110000
0000011101001000
0000011110100100
0000110011010110
0110000001110110
0100100000100111
0111011110101001
0111111111111111
0111111111010001
0101101100101101
0111100000100001
0000000011100111
0010101000110110
0000101101011100
0000110101010000

plane 3 (weight 8):
0000011000000000
0001011111010000
0010110110101000
0101001001010100
1010101010111000
1000001001101010
1001000000110000
1000101110011010
1000101111001000
1001000111110010
1110110001001011
0010001001110001
0111110111110011
0000101000100110
0001111101011100
0000111111110000

plane 4 (weight 16):
0000011111100000
0001111111100000
0011000110000000
0111110110000000
1101010100000110
1110111000000000
1010110000011011
1000001110000011
1000001111011011
1001100111011001
1001010000100101
0110111111100111
0111110000101011
0011100111101110
0001000010111100
0000111111110000

plane 5 (weight 32):
0000011111100000
0001110000110000
0011101111001000
0110001001100100
1110110110100110
1100001001010110
1100010110100011
1101001111111101
1101101110101001
1101000001101011
1111101111010011
0101110000000111
0110010111101111
0011010000011110
0001111111111100
0000111111110000

plane 6 (weight 64):
0000000111000000
0000100000010000
0001111001101000
0010110110010100
0111001111011000
0110001001000110
0000001001101100
0010100111010101
1010111100101111
1011011011100100
1100101101000010
0101010000001111
0001100000001100
0010101000011010
0001101010101000
0000001010100000

plane 7 (weight 128):
0000000000000000
0000001111000000
0000010110100000
0001101001010000
0001110000101000
0011110110111000
0111101111010100
0111010110101010
0111000011010110
0110100100011111
0011010010111110
0010101111111000
0001011111110100
0000111111110000
0000010101000000
0000000000000000
