WEATHER v2 SURFACE — 1s/0s FROM THE FILE (no host settle)
sha256 cc2775fdd29d1e5ff1a8f2951e5f5f22dd1c2e237c9e10d6b2d47717476ba85d
size 2606416  +8 n_in=2048 n_wire=100244 n_gate=100243 n_out=2048  depth 36
cell_base=500 next_base=2548 ring0=104 clock=98

== RINGS (file bytes) ==
NW fwd0@104=1 rev0@136=1 carry@168=0 pub@169=0  fwd[0:8]=10000000 rev[0:8]=10000000
NE fwd0@170=1 rev0@202=1 carry@234=0 pub@235=0  fwd[0:8]=10000000 rev[0:8]=10000000
SW fwd0@236=1 rev0@268=1 carry@300=0 pub@301=0  fwd[0:8]=10000000 rev[0:8]=10000000
SE fwd0@302=1 rev0@334=1 carry@366=0 pub@367=0  fwd[0:8]=10000000 rev[0:8]=10000000
GROWTH fwd0@368=1 rev0@400=1 carry@432=0 pub@433=0  fwd[0:8]=10000000 rev[0:8]=10000000
WITNESS fwd0@434=1 rev0@466=1 carry@498=0 pub@499=0  fwd[0:8]=10000000 rev[0:8]=10000000
clock_bank 000000

== FIELD 16x16x8 LSB first (file cell plane) ==
00000000 00000000 00000000 00000000 00000000 00000000 00000000 00000000 00000000 00000000 00000000 00000000 00000000 00000000 00000000 00000000
00000000 00000000 00000000 00000000 00000000 01000111 10000111 00000111 11111011 01111011 10111011 00000000 00000000 00000000 00000000 00000000
00000000 00000000 00000000 00100111 11000111 00000000 00111101 11011101 01011101 10011101 00000000 00111011 00000000 00000000 00000000 00000000
00000000 00000000 00000000 10100111 01111101 10111101 00000000 10111001 00111001 00000000 00011101 00000000 11011011 00000000 00000000 00000000
00000000 11100111 01100111 00000011 11111101 11111001 01111001 00000000 00000000 11011001 01011001 11101101 00000000 01011011 00000000 00000000
00000000 00010111 00000000 10000011 00000101 10000011 01100001 10100001 00100001 11000001 10011001 00011001 01101101 10011011 00000000 00000000
00000000 10010111 01000011 10000101 00000000 00010001 00000000 11111111 11111111 00000000 01000001 11101001 10101101 00000000 00011011 00000000
00000000 01010111 11000011 01000101 10010001 00000000 11111111 11111111 11111111 11111111 10000001 01101001 00000000 00101101 11101011 00000000
00000000 11010111 00100011 11000101 01010001 00000000 00000000 11111111 11111111 00000000 00000001 10101001 01001101 11001101 01101011 11111111
00000000 00110111 10100011 00100101 11010001 00110001 00000000 00000000 11111111 00000000 11111110 00101001 10001101 00101011 10101011 01111111
00000000 10110111 01100011 00000000 10100101 10110001 01110001 11011110 00111110 10111110 11001001 11110101 00001101 11001011 00000000 10111111
00000000 00000000 01110111 11100011 01100101 11100101 11110001 00001001 10001001 01001001 10110101 01110101 00000000 01001011 00111111 00000000
00000000 00000000 11110111 00000000 00010011 00000000 00010101 10010101 01010101 11010101 00110101 00001011 10001011 00000000 11011111 00000000
00000000 00000000 00000000 00001111 10010011 01010011 11010011 00110011 10110011 01110011 11110011 00000000 10011111 01011111 00000000 00000000
00000000 00000000 00000000 00000000 10001111 01001111 11001111 00000000 00000000 00000000 11101111 00011111 00000000 00000000 00000000 00000000
00000000 00000000 00000000 00000000 00000000 00000000 00000000 00101111 10101111 01101111 00000000 00000000 00000000 00000000 00000000 00000000

== NEXT bank (file, not a host buffer) ==
00000000 00000000 00000000 00000000 00000000 00000000 00000000 00000000 00000000 00000000 00000000 00000000 00000000 00000000 00000000 00000000
00000000 00000000 00000000 00000000 00000000 00000000 00000000 00000000 00000000 00000000 00000000 00000000 00000000 00000000 00000000 00000000
00000000 00000000 00000000 00000000 00000000 00000000 00000000 00000000 00000000 00000000 00000000 00000000 00000000 00000000 00000000 00000000
00000000 00000000 00000000 00000000 00000000 00000000 00000000 00000000 00000000 00000000 00000000 00000000 00000000 00000000 00000000 00000000
00000000 00000000 00000000 00000000 00000000 00000000 00000000 00000000 00000000 00000000 00000000 00000000 00000000 00000000 00000000 00000000
00000000 00000000 00000000 00000000 00000000 00000000 00000000 00000000 00000000 00000000 00000000 00000000 00000000 00000000 00000000 00000000
00000000 00000000 00000000 00000000 00000000 00000000 00000000 00000000 00000000 00000000 00000000 00000000 00000000 00000000 00000000 00000000
00000000 00000000 00000000 00000000 00000000 00000000 00000000 00000000 00000000 00000000 00000000 00000000 00000000 00000000 00000000 00000000
00000000 00000000 00000000 00000000 00000000 00000000 00000000 00000000 00000000 00000000 00000000 00000000 00000000 00000000 00000000 00000000
00000000 00000000 00000000 00000000 00000000 00000000 00000000 00000000 00000000 00000000 00000000 00000000 00000000 00000000 00000000 00000000
00000000 00000000 00000000 00000000 00000000 00000000 00000000 00000000 00000000 00000000 00000000 00000000 00000000 00000000 00000000 00000000
00000000 00000000 00000000 00000000 00000000 00000000 00000000 00000000 00000000 00000000 00000000 00000000 00000000 00000000 00000000 00000000
00000000 00000000 00000000 00000000 00000000 00000000 00000000 00000000 00000000 00000000 00000000 00000000 00000000 00000000 00000000 00000000
00000000 00000000 00000000 00000000 00000000 00000000 00000000 00000000 00000000 00000000 00000000 00000000 00000000 00000000 00000000 00000000
00000000 00000000 00000000 00000000 00000000 00000000 00000000 00000000 00000000 00000000 00000000 00000000 00000000 00000000 00000000 00000000
00000000 00000000 00000000 00000000 00000000 00000000 00000000 00000000 00000000 00000000 00000000 00000000 00000000 00000000 00000000 00000000